verb_id,lex,scroll,book,chapter,verse_num,gcons_verb,gcons_verse,sign_info,stem,tense,gcons_clause,subject,complement,cmpl_lex,cmpl_translation,dir_he,cmpl_constr,cmpl_nt,cmpl_anim,cmpl_det,cmpl_indiv,cmpl_complex,motion_type,preposition_1,preposition_2,preposition_3,preposition_4
212256,BW>[,MT,Isaiah,1,12,TB>W,KJ TB>W L R>WT PNJ MJ BQC Z>T M JDKM RMS XYRJ,,qal,impf,KJ TB>W,,no complement,no complement,,,,,,,,,,,,,
1895059,BW>[,1Qisaa,Isaiah,1,12,TB>W,KJ> TB>W L R>WT PNJ MJ BQC ZW>T M JDKM L RMWS XYRJ,000 0000 0 0000 0000 00 000 0000 0 00000 0 0000 00000 00,qal,impf,,,no complement,no complement,,0,,,,,,,,,,,
212269,BW>[,MT,Isaiah,1,13,HBJ>,L> TWSJPW HBJ> MNXT CW> QVRT TW<BH HJ> LJ XDC W CBT QR> MQR> L> >WKL >WN W <YRH,,hif,infc,HBJ> MNXT CW>,,no complement,no complement,,,,,,,,,,,,,
1895075,BW>[,1Qisaa,Isaiah,1,13,HBJ>,LW> TWSJPW L HBJ> MNXT CW> QVRT TW<BH HJ> LJ XWDC W CBT QR> MQR> LW> >WKL >WN W <YRTH,000 000000 0 0000 0000 000 0000 00000 000 000 0000 0 000 000 0000 000 0000 000 0 000000 00,hifil,infc,,,no complement,no complement,,0,,,,,,,,,,,
212315,SWR[,MT,Isaiah,1,16,HSJRW,RXYW HZKW HSJRW R< M<LLJKM M NGD <JNJ XDLW HR<,,hif,impv,HSJRW R< M<LLJKM M NGD <JNJ,,M NGD <JNJ,MN NGD/ <JN/,from before my eyes,0,prep,bopa,unknown,det,subs subs,complex,fictive,MN,,,
1895129,SWR[,1Qisaa,Isaiah,1,16,HSJRW,RXYW W HZKW W HSJRW RW< M<LLJKM M NGD <JNJ XDLW HR<,0000 0 0000 0 00000 000 00000000 0 000 00000 0000 000 00,hifil,impv,W HSJRW RW< M<LLJKM M NGD <JNJ,,M NGD <JNJ,MN NGD/ <JN/,from before my eyes,0,prep,bopa,unknown,det,subs subs,complex,fictive,MN,,,
212333,HLK[,MT,Isaiah,1,18,LKW,LKW N> W NWKXH J>MR JHWH >M JHJW XV>JKM K CNJM K CLG JLBJNW >M J>DJMW K TWL< K YMR JHJW,,qal,impv,LKW N>,,no complement,no complement,,,,,,,,,,,,,
1895149,HLK[,1Qisaa,Isaiah,1,18,LKW,LKW N> W NWKXH JW>MR JHWH >M JHJW XV>JKM K CNJ K CLG JLBJNW >M JDWMW K TWL<T K YMR JHJW,000 00 0 00000 00000 0000 00 0000 0000000 0 000 0 000 000000 00 00000 0 00000 0 000 0000 00,qal,impv,LKW N>,,no complement,no complement,,0,,,,,,,,,,,
212418,BW>[,MT,Isaiah,1,23,JBW>,FRJK SWRRJM W XBRJ GNBJM KLW >HB CXD W RDP CLMNJM JTWM L> JCPVW W RJB >LMNH L> JBW> >LJHM,,qal,impf,W RJB >LMNH L> JBW> >LJHM,RJB >LMNH,>LJHM,>L,to them,0,prep,prps,anim,det,prsf,simple,fictive,>L,,,
1895234,BW>[,1Qisaa,Isaiah,1,23,JBW>,FRJKJ SWRRJM W XBRJ GNBJM KWLM >WHBJ CWXD RWDPJ CLMWNJM J>TWM LW> JCPVW W RJB >LMNH LW> JBW> >LJHM,000000 000000 0 0000 00000 00000 00000 0000 00000 0000000 00000 000 00000 0 000 00000 000 0000 000000 00,qal,impf,W RJB >LMNH LW> JBW> >LJHM,RJB >LMNH,>LJHM,>L,to them,0,prep,prps,anim,det,prsf,simple,fictive,>L,,,
212437,CWB[,MT,Isaiah,1,25,>CJBH,W >CJBH JDJ <LJK W >YRP K BR SJGJK W >SJRH KL BDJLJK,,hif,impf,W >CJBH JDJ <LJK,,<LJK,<L,against you,0,prep,prps,anim,det,prsf,simple,factive fictive,<L,,,
212447,SWR[,MT,Isaiah,1,25,>SJRH,W >CJBH JDJ <LJK W >YRP K BR SJGJK W >SJRH KL BDJLJK,,hif,impf,W >SJRH KL BDJLJK,,no complement,no complement,,,,,,,,,,,,,
1895257,CWB[,1Qisaa,Isaiah,1,25,HCJB,W HCJB JDJ <LJK W >YRP K BR SWGJK W >SJR KWL BDJLJK,0 0000 0000 00000 0 0000 0 00 000000 0 0000 000 0000000 00,hifil,perf,W HCJB JDJ <LJK,,<LJK,<L,against you,0,prep,prps,anim,det,prsf,simple,factive fictive,<L,,,
1895266,SWR[,1Qisaa,Isaiah,1,25,>SJR,W HCJB JDJ <LJK W >YRP K BR SWGJK W >SJR KWL BDJLJK,0 0000 0000 00000 0 0000 0 00 000000 0 0000 000 0000000 00,hifil,impf,W >SJRH KL BDJLJK,,no complement,no complement,,0,,,,,,,,,,,
212451,CWB[,MT,Isaiah,1,26,>CJBH,W >CJBH CPVJK K B R>CNH W J<YJK K B TXLH >XRJ KN JQR> LK <JR H YDQ QRJH N>MNH,,hif,impf,W >CJBH CPVJK K B R>CNH,,no complement,no complement,,,,,,,,,,,,,
1895271,CWB[,1Qisaa,Isaiah,1,26,>CJBH,W >CJBH CWPVJK K B R>JCWNH W J<YJK K B TXLH >XRJ KN JQR>W LK <JR H YDQ QRJH N>MNH,0 00000 0000000 0 0 0000000 0 000000 0 0 0000 0000 00 00000 000 000 0 000 0000 00000 00,hifil,impf,W >CJBH CWPVJK K B R>JCWNH,,no complement,no complement,,0,,,,,,,,,,,
212477,CWB[,MT,Isaiah,1,27,CBJH,YJWN B MCPV TPDH W CBJH B YDQH,,qal,ptca,W CBJH B YDQH,CBJH,no complement,no complement,,,,,,,,,,,,,
1895296,CWB[,1Qisaa,Isaiah,1,27,CBJH,YJWN B MCPV TPDH W CBJH B YDQH,0000 0 0000 0000 0 00000 0 0000 00,qal,ptca,W CBJH B YDQH,CBJH,no complement,no complement,,,,,,,,,,,,,
212564,NHR[,MT,Isaiah,2,2,NHRW,W HJH B >XRJT H JMJM NKWN JHJH HR BJT JHWH B R>C H HRJM W NF> M GB<WT W NHRW >LJW KL H GWJM,,qal,perf,W NHRW >LJW KL H GWJM,KL H GWJM,>LJW,>L,to it (the mountain),0,prep,prps,inanim,det,prsf,simple,factive,>L,,,
1895388,NHR[,1Qisaa,Isaiah,2,2,NHRW,W HJH B >XRJT H JMJM NKWN JHJH HR BJT JHWH B R>C HRJM W NF> M GB<WT W NHRW <LWHJ KWL H GW>JM,0 000 0 00000 0 0000 0000 0000 00 000 0000 0 000 0000 0 000 0 00000 0 0000 000000 000 0 00000 00,qal,perf,W NHRW <LWHJ KWL H GW>JM,KWL H GW>JM,<LWHJ,<L,to it (the mountain),0,prep,prps,inanim,det,prsf,simple,factive,<L,,,
212577,<LH[,MT,Isaiah,2,3,N<LH,W HLKW <MJM RBJM W >MRW LKW W N<LH >L HR JHWH >L BJT >LHJ J<QB W JRNW M DRKJW W NLKH B >RXTJW KJ M YJWN TY> TWRH W DBR JHWH M JRWCLM,,qal,impf,W N<LH >L HR JHWH >L BJT >LHJ J<QB,,>L HR JHWH >L BJT >LHJ J<QB,>L HR/ JHWH/ >L BJT/ >LHJM/ J<QB/,to the mountain of Yahwe to the house of the God of Jacob,0,prep + prep,topo,inanim,det,subs subs,complex,factive,>L,>L,,
212590,HLK[,MT,Isaiah,2,3,NLKH,W HLKW <MJM RBJM W >MRW LKW W N<LH >L HR JHWH >L BJT >LHJ J<QB W JRNW M DRKJW W NLKH B >RXTJW KJ M YJWN TY> TWRH W DBR JHWH M JRWCLM,,qal,impf,W NLKH B >RXTJW,,B >RXTJW,B >RX/,in his paths,0,prep,other,inanim,det,subs,complex,factive,B,,,
212596,JY>[,MT,Isaiah,2,3,TY>,W HLKW <MJM RBJM W >MRW LKW W N<LH >L HR JHWH >L BJT >LHJ J<QB W JRNW M DRKJW W NLKH B >RXTJW KJ M YJWN TY> TWRH W DBR JHWH M JRWCLM,,qal,impf,KJ M YJWN TY> TWRH,TWRH,M YJWN,MN YJWN==/,from Zion,0,prep,topo,inanim,det,nmpr,simple,fictive,MN,,,
212570,HLK[,MT,Isaiah,2,3,HLKW,W HLKW <MJM RBJM W >MRW LKW W N<LH >L HR JHWH >L BJT >LHJ J<QB W JRNW M DRKJW W NLKH B >RXTJW KJ M YJWN TY> TWRH W DBR JHWH M JRWCLM,,qal,perf,W HLKW <MJM RBJM,<MJM RBJM,no complement,no complement,,,,,,,,,,,,,
212575,HLK[,MT,Isaiah,2,3,LKW,W HLKW <MJM RBJM W >MRW LKW W N<LH >L HR JHWH >L BJT >LHJ J<QB W JRNW M DRKJW W NLKH B >RXTJW KJ M YJWN TY> TWRH W DBR JHWH M JRWCLM,,qal,impv,LKW,,no complement,no complement,,,,,,,,,,,,,
1895395,HLK[,1Qisaa,Isaiah,2,3,HLKW,W HLKW <MJM RBJM W >MRW LKW W N<LH >L BJT >LWHJ J<QWB W JRWNW M DRKJW W N>LKH B >WRXTJW KJ> M YJWN TY> TWRH W DBR JHWH M JRWCLJM,0 0000 0000 0000 0 0000 000 0 0000 00 000 00000 00000 0 000000 0 000000 0 00000 0 00000000 000 0 0000 000 0000 0 000 0000 0 0000000 00,qal,perf,W HLKW <MJM RBJM,,no complement,no complement,,0,,,,,,,,,,,
1895400,HLK[,1Qisaa,Isaiah,2,3,LKW,W HLKW <MJM RBJM W >MRW LKW W N<LH >L BJT >LWHJ J<QWB W JRWNW M DRKJW W N>LKH B >WRXTJW KJ> M YJWN TY> TWRH W DBR JHWH M JRWCLJM,0 0000 0000 0000 0 0000 000 0 0000 00 000 00000 00000 0 000000 0 000000 0 00000 0 00000000 000 0 0000 000 0000 0 000 0000 0 0000000 00,qal,impv,LKW,,no complement,no complement,,0,,,,,,,,,,,
1895402,<LH[,1Qisaa,Isaiah,2,3,N<LH,W HLKW <MJM RBJM W >MRW LKW W N<LH >L BJT >LWHJ J<QWB W JRWNW M DRKJW W N>LKH B >WRXTJW KJ> M YJWN TY> TWRH W DBR JHWH M JRWCLJM,0 0000 0000 0000 0 0000 000 0 0000 00 000 00000 00000 0 000000 0 000000 0 00000 0 00000000 000 0 0000 000 0000 0 000 0000 0 0000000 00,qal,impf,W N<LH >L BJT >LWHJ J<QWB,,>L BJT >LWHJ J<QWB,>L BJT/ >LHJM/ J<QB/,to the house of the God of Jacob,0,prep,topo,inanim,det,subs nmpr,complex,factive,>L,,,
1895412,HLK[,1Qisaa,Isaiah,2,3,N>LKH,W HLKW <MJM RBJM W >MRW LKW W N<LH >L BJT >LWHJ J<QWB W JRWNW M DRKJW W N>LKH B >WRXTJW KJ> M YJWN TY> TWRH W DBR JHWH M JRWCLJM,0 0000 0000 0000 0 0000 000 0 0000 00 000 00000 00000 0 000000 0 000000 0 00000 0 00000000 000 0 0000 000 0000 0 000 0000 0 0000000 00,qal,impf,W N>LKH B >WRXTJW,,B >WRXTJW,B >RX/,in his paths,0,prep,other,inanim,det,subs,complex,factive,B,,,
1895418,JY>[,1Qisaa,Isaiah,2,3,TY>,W HLKW <MJM RBJM W >MRW LKW W N<LH >L BJT >LWHJ J<QWB W JRWNW M DRKJW W N>LKH B >WRXTJW KJ> M YJWN TY> TWRH W DBR JHWH M JRWCLJM,0 0000 0000 0000 0 0000 000 0 0000 00 000 00000 00000 0 000000 0 000000 0 00000 0 00000000 000 0 0000 000 0000 0 000 0000 0 0000000 00,qal,impf,KJ> M YJWN TY> TWRH,TWRH,M YJWN,MN YJWN==/,from Zion,0,prep,topo,inanim,det,nmpr,simple,fictive,MN,,,
212637,HLK[,MT,Isaiah,2,5,NLKH,BJT J<QB LKW W NLKH B >WR JHWH,,qal,impf,W NLKH B >WR JHWH,,B >WR JHWH,B >WR/ JHWH/,in the light of Yahwe,0,prep,abs,inanim,det,subs nmpr,complex,fictive,B,,,
212635,HLK[,MT,Isaiah,2,5,LKW,BJT J<QB LKW W NLKH B >WR JHWH,,qal,impv,LKW,,no complement,no complement,,,,,,,,,,,,,
1895464,HLK[,1Qisaa,Isaiah,2,5,LKW,BJT J<QWB LKW W NLKH B >WR JHWH,000 00000 000 0 0000 0 000 0000 00,qal,impv,LKW,,no complement,no complement,,0,,,,,,,,,,,
1895466,HLK[,1Qisaa,Isaiah,2,5,NLKH,BJT J<QWB LKW W NLKH B >WR JHWH,000 00000 000 0 0000 0 000 0000 00,qal,impf,W NLKH B >WR JHWH,,B >WR JHWH,B >WR/ JHWH/,in the light of Yahwe,0,prep,abs,inanim,det,subs nmpr,complex,fictive,B,,,
212702,BW>[,MT,Isaiah,2,10,BW>,BW> B YWR W HVMN B <PR M PNJ PXD JHWH W M HDR G>NW,,qal,impv,BW> B YWR,,B YWR,B H YWR/,in the rock,0,prep,topo,inanim,det,subs,simple,factive,B,,,
212828,XLP[,MT,Isaiah,2,18,JXLP,W H >LJLJM KLJL JXLP,,qal,impf,W H >LJLJM KLJL JXLP,H >LJLJM,no complement,no complement,,,,,,,,,,,,,
1895645,XLP[,1Qisaa,Isaiah,2,18,JXLWPW,W H >LJLJM KLJL JXLWPW,0 0 000000 0000 000000 00,qal,impf,W H >LJLJM KLJL JXLWPW,H >LJLJM,no complement,no complement,,,,,,,,,,,,,
212830,BW>[,MT,Isaiah,2,19,B>W,W B>W B M<RWT YRJM W B MXLWT <PR M PNJ PXD JHWH W M HDR G>WNW B QWMW L <RY H >RY,,qal,perf,W B>W B M<RWT YRJM W B MXLWT <PR M PNJ PXD JHWH W M HDR G>WNW,,B M<RWT YRJM W B MXLWT <PR,B M<RH/ YWR/ W B MXLH==/ <PR/,in caves of rocks and in holes of dust,0,prep + prep,topo,inanim,und,subs subs subs subs,complex,factive,B,B,,
1895648,BW>[,1Qisaa,Isaiah,2,19,B>W,W B>W B M<RWT YWRJM W B MXLWT <PR M PNJ PXD JHWH W M HDR G>WNW B QWMW L <RWY H >RY,0 000 0 00000 00000 0 0 00000 000 0 000 000 0000 0 0 000 000000 0 00000 0 0000 0 000 00,qal,perf,W B>W B M<RWT YWRJM W B MXLWT <PR M PNJ PXD JHWH W M HDR G>WNW,,B M<RWT YWRJM W B MXLWT <PR,B M<RH/ YWR/ W B MXLH==/ <PR/,in caves of rocks and in holes of dust,0,prep + prep,topo,inanim,und,subs subs subs subs,complex,factive,B,B,,
212880,BW>[,MT,Isaiah,2,21,BW>,L BW> B NQRWT H YRJM W B S<PJ H SL<JM M PNJ PXD JHWH W M HDR G>WNW B QWMW L <RY H >RY,,qal,infc,L BW> B NQRWT H YRJM W B S<PJ H SL<JM M PNJ PXD JHWH W M HDR G>WNW,,B NQRWT H YRJM W B S<PJ H SL<JM,B NQRH/ H YWR/ W B S<JP/ H SL</,in the caverns of the rocks and in the clefts of the cliffs,0,prep + prep,topo,inanim,det,subs subs subs subs,complex,factive,B,B,,
1895697,BW>[,1Qisaa,Isaiah,2,21,BW>,L BW> B NQRWT H YWRJM W B S<PJ H SL<JM M PNJ PXD JHWH W M HDR G>WNW B QWMW L <RWY H >RY,0 000 0 00000 0 00000 0 0 0000 0 00000 0 000 000 0000 0 0 000 000000 0 00000 0 0000 0 000 00,qal,infc,L BW> B NQRWT H YWRJM W B S<PJ H SL<JM M PNJ PXD JHWH W M HDR G>WNW,,B NQRWT H YWRJM W B S<PJ H SL<JM,B NQRH/ H YWR/ W B S<JP/ H SL</,in the caverns of the rocks and in the clefts of the cliffs,0,prep + prep,topo,inanim,det,subs subs subs subs,complex,factive,B,B,,
212924,SWR[,MT,Isaiah,3,1,MSJR,KJ HNH H >DWN JHWH YB>WT MSJR M JRWCLM W M JHWDH MC<N W MC<NH KL MC<N LXM W KL MC<N MJM,,hif,ptca,KJ HNH H >DWN JHWH YB>WT MSJR M JRWCLM W M JHWDH MC<N W MC<NH KL MC<N LXM W KL MC<N MJM,H >DWN JHWH YB>WT,M JRWCLM W M JHWDH,MN JRWCLM/ W MN JHWDH/,from Jerusalem and from Judah,0,prep + prep,"topo pers,gens,topo",inanim anim,det,nmpr nmpr,complex,factive,MN,MN,,
1895743,SWR[,1Qisaa,Isaiah,3,1,MHSJR,KJ> HNH H >DWN JHWH YB>WT MHSJR M JRWCLM W M JHWDH MC<N W MC<NH KL MC<N LXM W KWL MC<N MJM,000 000 0 0000 0000 00000 00000 0 000000 0 0 00000 0000 0 00000 00 0000 000 0 000 0000 000 00,hifil,ptca,KJ> HNH H >DWN JHWH YB>WT MHSJR M JRWCLM W M JHWDH MC<N W MC<NH KL MC<N LXM W KWL MC<N MJM,H >DWN JHWH YB>WT,M JRWCLM W M JHWDH,MN JRWCLM/ W MN JHWDH/,from Jerusalem and from Judah,0,prep + prep,"topo pers,gens,topo",inanim anim,det,nmpr nmpr,complex,factive,MN,MN,,
213042,NPL[,MT,Isaiah,3,8,NPL,KJ KCLH JRWCLM W JHWDH NPL KJ LCWNM W M<LLJHM >L JHWH L MRWT <NJ KBWDW,,qal,perf,W JHWDH NPL,JHWDH,no complement,no complement,,,,,,,,,,,,,
1895866,NPL[,1Qisaa,Isaiah,3,8,NPLH,KJ KCLH JRWCLJM W JHWDH NPLH KJ LCWNM W M<LLJHM <L JHWH L MRWT <JNJ KBWDW,00 0000 0000000 0 00000 0000 00 000000 0 00000000 00 0000 0 0000 0000 000000 00,qal,perf,W JHWDH NPLH,JHWDH,no complement,no complement,,0,,,,,,,,,,,
1895915,CWB[,1Qisaa,Isaiah,3,11,JCWB,>WJ L RC< R< KJ> GMWL JDW JCWB LW>,000 0 000 00 000 0000 0000 0000 0000 00,qal,impf,KJ> GMWL JDW JCWB LW>,GMWL JDW,LW>,L,to him,0,prep,prps,anim,det,prsf,simple,factive fictive,L,,,
213097,T<H[,MT,Isaiah,3,12,MT<JM,<MJ NGFJW M<WLL W NCJM MCLW BW <MJ M>CRJK MT<JM W DRK >RXTJK BL<W,,hif,ptca,M>CRJK MT<JM,M>CRJK,no complement,no complement,,,,,,,,,,,,,
1895927,T<H[,1Qisaa,Isaiah,3,12,MT<JM,<MJ NGFW M<WLL W NCJM MCLW BW <MJ MCRJK MT<JM W DRKJ >WRXWTJK BL<W,0000 00000 00000 0 0000 0000 000 0000 000000 00000 0 0000 000000000 0000 00,hifil,ptca,MCRJK MT<JM,MCRJK,no complement,no complement,,,,,,,,,,,,,
213114,BW>[,MT,Isaiah,3,14,JBW>,JHWH B MCPV JBW> <M ZQNJ <MW W FRJW W >TM B<RTM H KRM GZLT H <NJ B BTJKM,,qal,impf,JHWH B MCPV JBW> <M ZQNJ <MW W FRJW,JHWH,B MCPV,B MCPV/,in judgment,0,prep,abs,inanim,und,subs,simple,fictive,B,,,
213114,BW>[,MT,Isaiah,3,14,JBW>,JHWH B MCPV JBW> <M ZQNJ <MW W FRJW W >TM B<RTM H KRM GZLT H <NJ B BTJKM,,qal,impf,JHWH B MCPV JBW> <M ZQNJ <MW W FRJW,JHWH,<M ZQNJ <MW W FRJW,<M ZQN/ <M/ W FR/,with the elder ones of his people and his princes,0,prep,gens,anim,det,subs subs,complex,factive fictive,<M,,,
1895945,BW>[,1Qisaa,Isaiah,3,14,JBW>,JHWH B MCPV JBW> <M ZQNJ <MW W FRJW W >TMH B<RTM H KRM GZLT H <NJ B BTJKM,0000 0 0000 0000 00 0000 0000 0 00000 0 0000 00000 0 000 0000 0 000 0 000000 00,qal,impf,JHWH B MCPV JBW> <M ZQNJ <MW W FRJW,JHWH,B MCPV,B MCPV/,in judgment,0,prep,abs,inanim,und,subs,simple,fictive,B,,,
1895945,BW>[,1Qisaa,Isaiah,3,14,JBW>,JHWH B MCPV JBW> <M ZQNJ <MW W FRJW W >TMH B<RTM H KRM GZLT H <NJ B BTJKM,0000 0 0000 0000 00 0000 0000 0 00000 0 0000 00000 0 000 0000 0 000 0 000000 00,qal,impf,JHWH B MCPV JBW> <M ZQNJ <MW W FRJW,JHWH,<M ZQNJ <MW W FRJW,<M ZQN/ <M/ W FR/,with the elder ones of his people and his princes,0,prep,gens,anim,det,subs subs,complex,factive fictive,<M,,,
213151,HLK[,MT,Isaiah,3,16,TLKNH,W J>MR JHWH J<N KJ GBHW BNWT YJWN W TLKNH NVWWT GRWN W MFQRWT <JNJM HLWK W VPP TLKNH W B RGLJHM T<KSNH,,qal,wayq,W TLKNH NVWWT GRWN W MFQRWT <JNJM,,no complement,no complement,,,,,,,,,,,,,
213157,HLK[,MT,Isaiah,3,16,HLWK,W J>MR JHWH J<N KJ GBHW BNWT YJWN W TLKNH NVWWT GRWN W MFQRWT <JNJM HLWK W VPP TLKNH W B RGLJHM T<KSNH,,qal,infa,HLWK W VPP TLKNH,,no complement,no complement,,,,,,,,,,,,,
213160,HLK[,MT,Isaiah,3,16,TLKNH,W J>MR JHWH J<N KJ GBHW BNWT YJWN W TLKNH NVWWT GRWN W MFQRWT <JNJM HLWK W VPP TLKNH W B RGLJHM T<KSNH,,qal,impf,HLWK W VPP TLKNH,,no complement,no complement,,,,,,,,,,,,,
1895984,HLK[,1Qisaa,Isaiah,3,16,TLKNH,W JW>MR JHWH J<N KJ> GBHW BNWT YJWN W TLKNH NVJWT GRWN W MFQRWT <JNJM HLWK W VWPP TLKNH W B RGLJHNH T<KSNH,0 00000 0000 000 000 0000 0000 0000 0 00000 00000 0000 0 000000 00000 0000 0 0000 00000 0 0 00000000 000000 00,qal,wayy,W TLKNH NVJWT GRWN W MFQRWT <JNJM,,no complement,no complement,,0,,,,,,,,,,,
1895990,HLK[,1Qisaa,Isaiah,3,16,HLWK,W JW>MR JHWH J<N KJ> GBHW BNWT YJWN W TLKNH NVJWT GRWN W MFQRWT <JNJM HLWK W VWPP TLKNH W B RGLJHNH T<KSNH,0 00000 0000 000 000 0000 0000 0000 0 00000 00000 0000 0 000000 00000 0000 0 0000 00000 0 0 00000000 000000 00,qal,infa,HLWK W VWPP TLKNH,,no complement,no complement,,0,,,,,,,,,,,
1895993,HLK[,1Qisaa,Isaiah,3,16,TLKNH,W JW>MR JHWH J<N KJ> GBHW BNWT YJWN W TLKNH NVJWT GRWN W MFQRWT <JNJM HLWK W VWPP TLKNH W B RGLJHNH T<KSNH,0 00000 0000 000 000 0000 0000 0000 0 00000 00000 0000 0 000000 00000 0000 0 0000 00000 0 0 00000000 000000 00,qal,impf,HLWK W VWPP TLKNH,,no complement,no complement,,0,,,,,,,,,,,
213180,SWR[,MT,Isaiah,3,18,JSJR,B JWM H HW> JSJR >DNJ >T TP>RT H <KSJM W H CBJSJM W H FHRNJM,,hif,impf,B JWM H HW> JSJR >DNJ >T TP>RT H <KSJM W H CBJSJM W H FHRNJM,>DNJ,no complement,no complement,,,,,,,,,,,,,
1896015,SWR[,1Qisaa,Isaiah,3,18,JSJR,B JWM H HW> JSJR >DWNJ JHWH >T TP>RT H <KJSJM W H CBJCJM W H FHRNJM,0 000 0 000 0000 00000 0000 00 00000 0 000000 0 0 000000 0 0 000000 00,hifil,impf,B JWM H HW> JSJR >DWNJ JHWH >T TP>RT H <KJSJM W H CBJCJM W H FHRNJM,,no complement,no complement,,0,,,,,,,,,,,
213271,NPL[,MT,Isaiah,3,25,JPLW,MTJK B XRB JPLW W GBWRTK B MLXMH,,qal,impf,MTJK B XRB JPLW,MTJK,no complement,no complement,,,,,,,,,,,,,
1896114,NPL[,1Qisaa,Isaiah,3,25,JPWLW,MTJK B XRB JPWLW W GBWRWTJK B MLXMH,00000 0 000 00000 0 000000000 0 00000 00,qal,impf,MTJK B XRB JPWLW,,no complement,no complement,,0,,,,,,,,,,,
213508,SWR[,MT,Isaiah,5,5,HSR,W <TH >WDJ<H N> >TKM >T >CR >NJ <FH L KRMJ HSR MFWKTW W HJH L B<R PRY GDRW W HJH L MRMS,,hif,infa,HSR MFWKTW,,no complement,no complement,,,,,,,,,,,,,
1896341,SWR[,1Qisaa,Isaiah,5,5,>SJR,W >TH >WDJ< N> >TKMH >T >CR >NJ <WF> L KRMJ >SJR MSWKTW W JHJH B<R PRY GDRW W JHJH L MRMS,0 000 00000 00 000000 00 000 000 0000 0 00000 0000 0000000 0 0000 000 000 00000 0 0000 0 0000 00,hifil,impf,>SJR MSWKTW,,no complement,no complement,,0,,,,,,,,,,,
213529,<LH[,MT,Isaiah,5,6,<LH,W >CJTHW BTH L> JZMR W L> J<DR W <LH CMJR W CJT W <L H <BJM >YWH M HMVJR <LJW MVR,,qal,perf,W <LH CMJR W CJT,CMJR W CJT,no complement,no complement,,,,,,,,,,,,,
1896363,<LH[,1Qisaa,Isaiah,5,6,<LH,W >CJTHW BTH W LW> JZMR W LW> J<DR W <LH CMJR W CJT W <L H <BJM >YWH M HMVJR <LJW MVR,0 0000000 000 0 000 0000 0 000 0000 0 000 0000 0 000 0 00 0 0000 0000 0 00000 00000 000 00,qal,perf,W <LH CMJR W CJT,CMJR W CJT,no complement,no complement,,0,,,,,,,,,,,
213573,QRB[,MT,Isaiah,5,8,JQRJBW,HWJ MGJ<J BJT B BJT FDH B FDH JQRJBW <D >PS MQWM W HWCBTM L BDKM B QRB H >RY,,hif,impf,FDH B FDH JQRJBW <D >PS MQWM,,B FDH,B FDH/,in (with) field,0,prep,topo,inanim,und,subs,simple,factive fictive,B,,,
1896409,QRB[,1Qisaa,Isaiah,5,8,JQRJBW,HWJ MGJ<J BJT BJT FDH B FDH JQRJBW <D >PS MQWM W JCTM L BDKM B QRB H >RY,000 00000 000 000 000 0 000 000000 00 000 0000 0 0000 0 00000 0 000 0 000 00,hifil,impf,FDH B FDH JQRJBW <D >PS MQWM,,B FDH,B FDH/,in (with) field,0,prep,topo,inanim,und,subs,simple,factive fictive,B,,,
213650,GLH[,MT,Isaiah,5,13,GLH,LKN GLH <MJ M BLJ D<T W KBWDW MTJ R<B W HMWNW YXH YM>,,qal,perf,LKN GLH <MJ M BLJ D<T,<MJ,no complement,no complement,,,,,,,,,,,,,
1896489,GLH[,1Qisaa,Isaiah,5,13,GLH,L KN GLH <MJ M BLJ D<T W KBWDJ MTJ R<B W HMWNW YXH YM>,0 00 000 0000 0 000 000 0 000000 000 000 0 000000 000 000 00,qal,perf,L KN GLH <MJ M BLJ D<T,<MJ,no complement,no complement,,0,,,,,,,,,,,
213674,JRD[,MT,Isaiah,5,14,JRD,LKN HRXJBH C>WL NPCH W P<RH PJH L BLJ XQ W JRD HDRH W HMWNH W C>WNH W <LZ BH,,qal,perf,W JRD HDRH W HMWNH W C>WNH W <LZ BH,HDRH W HMWNH W C>WNH W <LZ BH,no complement,no complement,,,,,,,,,,,,,
1896515,JRD[,1Qisaa,Isaiah,5,14,JRD,L KN HRXJBH C>WL NPCH W P<RH PJH L BLJ XWQ W JRD HDRH W HMWNH W C>WNH W <LZ BH,0 00 000000 0000 00000 0 0000 0000 0 000 000 0 000 00000 0 000000 0 000000 0 000 000 00,qal,perf,W JRD HDRH W HMWNH W C>WNH W <LZ BH,HDRH W HMWNH W C>WNH W <LZ BH,no complement,no complement,,0,,,,,,,,,,,
213734,MHR[,MT,Isaiah,5,19,JMHR,H >MRJM JMHR JXJCH M<FHW LM<N NR>H W TQRB W TBW>H <YT QDWC JFR>L W ND<H,,piel,impf,JMHR,,no complement,no complement,,,,,,,,,,,,,
213735,XWC[,MT,Isaiah,5,19,JXJCH,H >MRJM JMHR JXJCH M<FHW LM<N NR>H W TQRB W TBW>H <YT QDWC JFR>L W ND<H,,hif,impf,JXJCH M<FHW,,no complement,no complement,,,,,,,,,,,,,
213740,QRB[,MT,Isaiah,5,19,TQRB,H >MRJM JMHR JXJCH M<FHW LM<N NR>H W TQRB W TBW>H <YT QDWC JFR>L W ND<H,,qal,impf,W TQRB,,no complement,no complement,,,,,,,,,,,,,
213742,BW>[,MT,Isaiah,5,19,TBW>H,H >MRJM JMHR JXJCH M<FHW LM<N NR>H W TQRB W TBW>H <YT QDWC JFR>L W ND<H,,qal,impf,W TBW>H <YT QDWC JFR>L,<YT QDWC JFR>L,no complement,no complement,,,,,,,,,,,,,
1896578,MHR[,1Qisaa,Isaiah,5,19,JMHR,H >WMRJM JMHR JXJC M<FJHW LM<N NR>H W TQRBH W TBW>H <YT QDWC JFR>L W ND<,0 000000 0000 0000 0000000 0000 0000 0 000000 0 000000 000 0000 00000 0 000 00,piel,impf,JMHR,,no complement,no complement,,,,,,,,,,,,,
1896579,XWC[,1Qisaa,Isaiah,5,19,JXJC,H >WMRJM JMHR JXJC M<FJHW LM<N NR>H W TQRBH W TBW>H <YT QDWC JFR>L W ND<,0 000000 0000 0000 0000000 0000 0000 0 000000 0 000000 000 0000 00000 0 000 00,hifil,impf,JXJC M<FJHW,,no complement,no complement,,,,,,,,,,,,,
1896584,QRB[,1Qisaa,Isaiah,5,19,TQRBH,H >WMRJM JMHR JXJC M<FJHW LM<N NR>H W TQRBH W TBW>H <YT QDWC JFR>L W ND<,0 000000 0000 0000 0000000 0000 0000 0 000000 0 000000 000 0000 00000 0 000 00,qal,impf,W TQRBH,,no complement,no complement,,,,,,,,,,,,,
1896586,BW>[,1Qisaa,Isaiah,5,19,TBW>H,H >WMRJM JMHR JXJC M<FJHW LM<N NR>H W TQRBH W TBW>H <YT QDWC JFR>L W ND<,0 000000 0000 0000 0000000 0000 0000 0 000000 0 000000 000 0000 00000 0 000 00,qal,impf,W TBW>H <YT QDWC JFR>L,<YT QDWC JFR>L,no complement,no complement,,,,,,,,,,,,,
213802,SWR[,MT,Isaiah,5,23,JSJRW,MYDJQJ RC< <QB CXD W YDQT YDJQJM JSJRW MMNW,,hif,impf,W YDQT YDJQJM JSJRW MMNW,,no complement,no complement,,,,,,,,,,,,,
1896648,SWR[,1Qisaa,Isaiah,5,23,JSJRW,MYDJQJ RC< <QB CXWD W YDQT YDJQJM JSJRW MMNW,000000 000 000 0000 0 0000 000000 00000 00000 00,hifil,impf,W YDQT YDJQJM JSJRW MMNW,,no complement,no complement,,,,,,,,,,,,,
213824,<LH[,MT,Isaiah,5,24,J<LH,LKN K >KL QC LCWN >C W XCC LHBH JRPH CRCM K MQ JHJH W PRXM K >BQ J<LH KJ M>SW >T TWRT JHWH YB>WT W >T >MRT QDWC JFR>L N>YW,,qal,impf,W PRXM K >BQ J<LH,PRXM,no complement,no complement,,,,,,,,,,,,,
1896670,<LH[,1Qisaa,Isaiah,5,24,J<LH,L KN K >KL QC LCWN >C W >C LWHBT JRPH CRCM K MQ JHJH W PRXM K >BQ J<LH KJ> M>SW >T TWRT JHWH YB>WT W >T >MRT QDWC JFR>L N>YW,0 00 0 000 00 0000 00 0 00 00000 0000 00000 0 00 0000 0 00000 0 000 0000 000 0000 00 0000 0000 00000 0 00 0000 0000 00000 0000 00,qal,impf,W PRXM K >BQ J<LH,,no complement,no complement,,0,,,,,,,,,,,
213867,CWB[,MT,Isaiah,5,25,CB,<L KN XRH >P JHWH B <MW W JV JDW <LJW W JKHW W JRGZW H HRJM W THJ NBLTM K SWXH B QRB XWYWT B KL Z>T L> CB >PW W <WD JDW NVWJH,,qal,perf,B KL Z>T L> CB >PW,>PW,no complement,no complement,,,,,,,,,,,,,
1896713,CWB[,1Qisaa,Isaiah,5,25,CB,<L KN XRH >P JHWH B <MW W JV JDJW <LJW W JKHW W JRGZW H HRJM W THJH NBLTM K SWXH B QRB XWYWT B KWL Z>WT LW> CB >PW W <WD JDJW NVWJH,00 00 000 00 0000 0 0000 0 00 00000 00000 0 00000 0 00000 0 0000 0 0000 000000 0 0000 0 000 00000 0 000 0000 000 00 0000 0 000 00000 00000 00,qal,perf,B KWL Z>WT LW> CB >PW,>PW,no complement,no complement,,0,,,,,,,,,,,
213892,BW>[,MT,Isaiah,5,26,JBW>,W NF> NS L GWJM M RXWQ W CRQ LW M QYH H >RY W HNH MHRH QL JBW>,,qal,impf,W HNH MHRH QL JBW>,,no complement,no complement,,,,,,,,,,,,,
1896738,BW>[,1Qisaa,Isaiah,5,26,JBW>,W NF> NS L GW>JM M RXWQ W CRQ LW> M QYH H >RY W HNH MHRH QL JBW>,0 000 00 0 00000 0 0000 0 000 0000 0 000 0 000 0 000 0000 00 0000 00,qal,impf,W HNH MHRH QL JBW>,,no complement,no complement,,0,,,,,,,,,,,
214021,<WP[,MT,Isaiah,6,2,J<WPP,FRPJM <MDJM M M<L LW CC KNPJM CC KNPJM L >XD B CTJM JKSH PNJW W B CTJM JKSH RGLJW W B CTJM J<WPP,,piel,impf,W B CTJM J<WPP,,no complement,no complement,,,,,,,,,,,,,
1896863,<WP[,1Qisaa,Isaiah,6,2,J<WPP,FRPJM <WMDJM M M<LH LW CC KNPJM L >XD B CTJM JKSH PNJW W B CTJM JKSH RGLJW W B CTJM J<WPP,00000 000000 0 00000 000 00 00000 0 000 0 0000 0000 00000 0 0 0000 0000 000000 0 0 0000 00000 00,polel,impf,,,no complement,no complement,,0,,,,,,,,,,,
214081,<WP[,MT,Isaiah,6,6,J<P,W J<P >LJ >XD MN H FRPJM W B JDW RYPH B MLQXJM LQX M <L H MZBX,,qal,wayq,W J<P >LJ >XD MN H FRPJM,>XD MN H FRPJM,>LJ,>L,to me,0,prep,prps,anim,det,prsf,simple,factive,>L,,,
1896924,<WP[,1Qisaa,Isaiah,6,6,J<WP,W J<WP >LJ >XD MN H FRPJM W B JDW RYPH B MLQXJM LQX M <L H MZBX,0 0000 0000 000 00 0 00000 0 0 0000 0000 0 000000 000 0 00 0 0000 00,qal,wayy,W J<WP >LJ >XD MN H FRPJM,>XD MN H FRPJM,>LJ,>L,to me,0,prep,prps,anim,det,prsf,complex,factive,>L,,,
214110,SWR[,MT,Isaiah,6,7,SR,W JG< <L PJ W J>MR HNH NG< ZH <L FPTJK W SR <WNK W XV>TK TKPR,,qal,perf,W SR <WNK,<WNK,no complement,no complement,,,,,,,,,,,,,
1896954,SWR[,1Qisaa,Isaiah,6,7,SR,W JG< <L PJ W JW>MR HNH NG< ZH <L FPTJK W SR <WWNK W XV>WTJK TKPR,0 000 00 000 0 00000 000 000 00 00 000000 0 00 000000 0 00000000 0000 00,qal,perf,W SR <WWNK,<WWNK,no complement,no complement,,,,,,,,,,,,,
214126,HLK[,MT,Isaiah,6,8,JLK,W >CM< >T QWL >DNJ >MR >T MJ >CLX W MJ JLK LNW W >MR HNNJ CLXNJ,,qal,impf,W MJ JLK LNW,MJ,no complement,no complement,,,,,,,,,,,,,
1896971,HLK[,1Qisaa,Isaiah,6,8,JLK,W >CM< >T QWL >DWNJ >MR >T MJ >CLX W MJ JLK LNW W >MRH HNNJ CLXNJ,0 0000 00 000 00000 000 00 00 0000 0 00 000 0000 0 0000 00000 000000 00,qal,impf,W MJ JLK LNW,MJ,no complement,no complement,,,,,,,,,,,,,
214134,HLK[,MT,Isaiah,6,9,LK,W J>MR LK W >MRT L <M H ZH CM<W CMW< W >L TBJNW W R>W R>W W >L TD<W,,qal,impv,LK,,no complement,no complement,,,,,,,,,,,,,
1896980,HLK[,1Qisaa,Isaiah,6,9,LK,W JW>MR LK W >MRTH L <M H ZH CM<W CMW< W <L TBJNW R>W R>W W <L TD<W,0 00000 00 0 00000 0 00 0 00 0000 0000 0 00 00000 000 000 0 00 0000 00,qal,impv,LK,,no complement,no complement,,0,,,,,,,,,,,
214177,CWB[,MT,Isaiah,6,10,CB,HCMN LB H <M H ZH W >ZNJW HKBD W <JNJW HC< PN JR>H B <JNJW W B >ZNJW JCM< W LBBW JBJN W CB W RP> LW,,qal,perf,W CB,,no complement,no complement,,,,,,,,,,,,,
1897022,CWB[,1Qisaa,Isaiah,6,10,CB,HCM LB H <M H ZH W >WZNJW HKBD W <JNJW HC< PN JR>H B <JNJW W B >WZNJW JCM<W B LBBW JBJN W CB W RP> LW,000 00 0 00 0 00 0 0000000 0000 0 000000 000 00 0000 0 000000 0 0 0000000 00000 0 00000 0000 0 00 0 000 000 00,qal,perf,W CB,,no complement,no complement,,0,,,,,,,,,,,
214225,CWB[,MT,Isaiah,6,13,CBH,W <WD BH <FRJH W CBH W HJTH L B<R K >LH W K >LWN >CR B CLKT MYBT BM ZR< QDC MYBTH,,qal,perf,W CBH,,no complement,no complement,,,,,,,,,,,,,
1897072,CWB[,1Qisaa,Isaiah,6,13,CBH,W <WD BH <FJRJH W CBH W HJJTH L B<R K >LH W K >LWN >CR MCLKT MYBT BMH ZR< H QWDC MYBTH,0 000 000 000000 0 000 0 00000 0 000 0 000 0 0 0000 000 00000 0000 0000 000 0 0000 000000 00,qal,perf,W CBH,,no complement,no complement,,0,,,,,,,,,,,
214256,<LH[,MT,Isaiah,7,1,<LH,W JHJ B JMJ >XZ BN JWTM BN <ZJHW MLK JHWDH <LH RYJN MLK >RM W PQX BN RMLJHW MLK JFR>L JRWCLM L MLXMH <LJH W L> JKL L HLXM <LJH,,qal,perf,<LH RYJN MLK >RM W PQX BN RMLJHW MLK JFR>L JRWCLM L MLXMH <LJH,RYJN MLK >RM W PQX BN RMLJHW MLK JFR>L,JRWCLM,JRWCLM/,to Jerusalem,0,vc,topo,inanim,det,nmpr,simple,factive,,,,
1897102,<LH[,1Qisaa,Isaiah,7,1,<LH,W JHJ B JMJ >XZ BN JWTM BN <WZJH MLK JHWDH <LH RYJN MLK >RM W PQX BN RWMLJH MLK JFR>L JRWCLM L MLXMH <LJH W LW> JKLW L HLXM <LJH,0 000 0 000 000 00 0000 00 00000 000 00000 000 0000 000 000 0 000 00 000000 000 00000 000000 0 00000 00000 0 000 0000 0 0000 00000 00,qal,perf,<LH RYJN MLK >RM W PQX BN RWMLJH MLK JFR>L JRWCLM L MLXMH <LJH,RYJN MLK >RM W PQX BN RWMLJH MLK JFR>L,JRWCLM,JRWCLM/,to Jerusalem,0,vc,topo,inanim,det,nmpr,simple,factive,,,,
214306,JY>[,MT,Isaiah,7,3,Y>,W J>MR JHWH >L JC<JHW Y> N> L QR>T >XZ >TH W C>R_JCWB BNK >L QYH T<LT H BRKH H <LJWNH >L MSLT FDH KWBS,,qal,impv,Y> N> >TH W C>R_JCWB BNK >L QYH T<LT H BRKH H <LJWNH >L MSLT FDH KWBS,>TH W C>R_JCWB BNK,no complement,no complement,,,,,,,,,,,,,
1897153,JY>[,1Qisaa,Isaiah,7,3,Y>,W JW>MR JHWH >L JC<JH Y> N> L QR>T >XZ >TH W C>R JCWB BNK >L QYH T<LT H BRKH H <LJWNH >L MSLT FDH KWBS,0 00000 0000 00 00000 00 00 0 0000 000 000 0 000 0000 0000 00 000 0000 0 0000 0 000000 00 0000 000 0000 00,qal,impv,Y> N> L QR>T >XZ >TH W C>R JCWB BNK >L QYH T<LT H BRKH H <LJWNH >L MSLT FDH KWBS,>TH W C>R JCWB BNK,no complement,no complement,,0,,,,,,,,,,,
214368,<LH[,MT,Isaiah,7,6,N<LH,N<LH B JHWDH W NQJYNH W NBQ<NH >LJNW W NMLJK MLK B TWKH >T BN VB>L,,qal,impf,N<LH B JHWDH,,B JHWDH,B JHWDH/,against Judah,0,prep,"pers,gens,topo",anim inanim,det,nmpr,simple,factive,B,,,
1897221,<LH[,1Qisaa,Isaiah,7,6,N<LH,N<LH B JHWDH W NQJYNH W NBQ<NH >LJNW W NMLJK MLK B TWKH >T BN VB>L,0000 0 00000 0 0000000 0 0000000 000000 0 00000 000 0 00000 00 00 0000 00,qal,impf,N<LH B JHWDH,,B JHWDH,B JHWDH/,against  Judah,0,prep,"pers,gens,topo",anim inanim,det,nmpr,simple,factive,B,,,
214531,BW>[,MT,Isaiah,7,17,JBJ>,JBJ> JHWH <LJK W <L <MK W <L BJT >BJK JMJM >CR L> B>W L M JWM SWR >PRJM M <L JHWDH >T MLK >CWR,,hif,impf,JBJ> JHWH <LJK W <L <MK W <L BJT >BJK JMJM >T MLK >CWR,JHWH,<LJK W <L <MK W <L BJT >BJK,<L W <L <M/ W <L BJT/ >B/,upon you and upon your people and upon the house of your father,0,prep + prep + prep,pers gens gens,anim,det,subs subs subs,complex,fictive,<L,<L,<L,
214548,SWR[,MT,Isaiah,7,17,SWR,JBJ> JHWH <LJK W <L <MK W <L BJT >BJK JMJM >CR L> B>W L M JWM SWR >PRJM M <L JHWDH >T MLK >CWR,,qal,infc,SWR >PRJM M <L JHWDH,>PRJM,M <L JHWDH,MN <L JHWDH/,from Judah,0,prep + prep,"pers,gens,topo",anim inanim,det,nmpr,simple,factive,MN,<L,,
214544,BW>[,MT,Isaiah,7,17,B>W,JBJ> JHWH <LJK W <L <MK W <L BJT >BJK JMJM >CR L> B>W L M JWM SWR >PRJM M <L JHWDH >T MLK >CWR,,qal,perf,>CR L> B>W L M JWM,,no complement,no complement,,,,,,,,,,,,,
1897394,BW>[,1Qisaa,Isaiah,7,17,JBJ>,W JBJ> JHWH <LJK W <L <MK W <L BJT >BJK JMJM >CR LW> B>W L M JWM SWR >PRJM M <L JHWDH >T MLK >CWR,0 0000 0000 00000 0 00 0000 0 00 000 00000 0000 000 000 000 0 0 000 000 00000 0 00 00000 00 000 0000 00,hifil,impf,W JBJ> JHWH <LJK W <L <MK W <L BJT >BJK JMJM >T MLK >CWR,JHWH,<LJK W <L <MK W <L BJT >BJK,<L W <L <M/ W <L BJT/ >B/,upon you and upon your people and upon the house of your father,0,prep + prep + prep,pers gens gens,anim,det,subs subs subs,complex,fictive,<L,<L,<L,
1897407,BW>[,1Qisaa,Isaiah,7,17,B>W,W JBJ> JHWH <LJK W <L <MK W <L BJT >BJK JMJM >CR LW> B>W L M JWM SWR >PRJM M <L JHWDH >T MLK >CWR,0 0000 0000 00000 0 00 0000 0 00 000 00000 0000 000 000 000 0 0 000 000 00000 0 00 00000 00 000 0000 00,qal,perf,>CR LW> B>W L M JWM,,no complement,no complement,,0,,,,,,,,,,,
1897411,SWR[,1Qisaa,Isaiah,7,17,SWR,W JBJ> JHWH <LJK W <L <MK W <L BJT >BJK JMJM >CR LW> B>W L M JWM SWR >PRJM M <L JHWDH >T MLK >CWR,0 0000 0000 00000 0 00 0000 0 00 000 00000 0000 000 000 000 0 0 000 000 00000 0 00 00000 00 000 0000 00,qal,infc,SWR >PRJM M <L JHWDH ,>PRJM,M <L JHWDH,MN <L JHWDH/,from Judah,0,prep + prep,"pers,gens,topo",anim inanim,det,nmpr,simple,factive,MN,<L,,
214584,NWX[,MT,Isaiah,7,19,NXW,W B>W W NXW KLM B NXLJ H BTWT W B NQJQJ H SL<JM W B KL H N<YWYJM W B KL H NHLLJM,,qal,perf,W NXW KLM B NXLJ H BTWT W B NQJQJ H SL<JM W B KL H N<YWYJM W B KL H NHLLJM,KLM,B NXLJ H BTWT W B NQJQJ H SL<JM W B KL H N<YWYJM W B KL H NHLLJM,B NXL/ H BTH/ W B NQJQ/ H SL</ W B KL/ H N<YWY/ W B KL/ H NHLL/,in the ravines of the precipices and in the clefts of the rocks and in all the thornbushes and in all the watering places,0,prep + prep + prep + prep,topo,inanim,det,subs subs subs subs subs subs subs subs,complex,unknown,B,B,B,B
214582,BW>[,MT,Isaiah,7,19,B>W,W B>W W NXW KLM B NXLJ H BTWT W B NQJQJ H SL<JM W B KL H N<YWYJM W B KL H NHLLJM,,qal,perf,W B>W,,no complement,no complement,,,,,,,,,,,,,
1897446,NWX[,1Qisaa,Isaiah,7,19,NXW,W B>W W NXW KWLM B NXLJ H BTWT W B NQJQJ H SL<JM W B KWL H N<YWYJM W B KWL H NHLJLJM,0 000 0 000 00000 0 0000 0 0000 0 0 00000 0 00000 0 0 000 0 0000000 0 0 000 0 0000000 00,qal,perf,W NXW KWLM B NXLJ H BTWT W B NQJQJ H SL<JM W B KWL H N<YWYJM W B KWL H NHLJLJM,KWLM,B NXLJ H BTWT W B NQJQJ H SL<JM W B KWL H N<YWYJM W B KWL H NHLJLJM,B NXL/ H BTH/ W B NQJQ/ H SL</ W B KL/ H N<YWY/ W B KL/ H NHLL/,in the ravines of the precipices and in the clefts of the rocks and in all the thornbushes and in all the watering places,0,prep + prep + prep + prep,topo,inanim,det,subs subs subs subs subs subs subs subs,complex,unknown,B,B,B,B
1897444,BW>[,1Qisaa,Isaiah,7,19,B>W,W B>W W NXW KWLM B NXLJ H BTWT W B NQJQJ H SL<JM W B KWL H N<YWYJM W B KWL H NHLJLJM,0 000 0 000 00000 0 0000 0 0000 0 0 00000 0 00000 0 0 000 0 0000000 0 0 000 0 0000000 00,qal,perf,W B>W,,no complement,no complement,,,,,,,,,,,,,
214702,BW>[,MT,Isaiah,7,24,JBW>,B XYJM W B QCT JBW> CMH KJ CMJR W CJT THJH KL H >RY,,qal,impf,B XYJM W B QCT JBW> CMH,,CMH,CM,there,1,dir_he,adv,inanim,det,adv,simple,factive,,,,
1897562,BW>[,1Qisaa,Isaiah,7,24,JBW>,B XYJM W B QCTWT JBW> CMH KJ> CMJR W CJT THJH KWL H >RY,0 0000 0 0 00000 0000 0000 000 0000 0 000 0000 000 0 000 00,qal,impf,B XYJM W B QCTWT JBW> CMH,,CMH,CM,there,1,dir_he,adv,inanim,det,adv,simple,factive,,,,
1919017,BW>[,1Q8,Isaiah,7,24,JBW>,B XYJM W B QCT JBW> CMH KJ CMJR W CJT THJH KL H >RY,0 0000 0 0 000 0000 0000 00 0000 0 000 0000 00 0 000 00,qal,impf,B XYJM W B QCT JBW> CMH,,CMH,CM,there,1,dir_he,adv,inanim,det,adv,simple,factive,,,,
214722,BW>[,MT,Isaiah,7,25,TBW>,W KL H HRJM >CR B M<DR J<DRWN L> TBW> CMH JR>T CMJR W CJT W HJH L MCLX CWR W L MRMS FH,,qal,impf,L> TBW> CMH JR>T CMJR W CJT,,CMH,CM,there,1,dir_he,adv,inanim,det,adv,simple,factive,,,,
1897582,BW>[,1Qisaa,Isaiah,7,25,TBW>,W KWL H HRJM >CR B M<DR J<DRWN LW> TBW> CMH JR>T BRZL CMJR W CJT TJHJH L MCLX CWR W L MRMS FH,0 000 0 0000 000 0 0000 0000000 000 0000 0000 0000 0000 0000 0 000 00000 0 0000 000 0 0 0000 00 00,qal,impf,LW> TBW> CMH JR>T BRZL CMJR W CJT,BRZL written above in the manuscript,CMH,CM,there,1,dir_he,adv,inanim,det,adv,simple,factive,,,,
1919037,BW>[,1Q8,Isaiah,7,25,TBW,W KL H HRJM >CR B M<DR J<DRWN L> TBW CMH JR>T CMJR W CJT W HJH L MCLX CWR W L MRMS FH,0 00 0 0000 000 0 0000 0000000 00 0001 0000 0000 0000 0 000 0 000 0 0000 000 0 0 0000 00 00,qal,impf,L> TBW CMH JR>T CMJR W CJT,,CMH,CM,there,1,dir_he,adv,inanim,det,adv,simple,factive,,,,
214768,QRB[,MT,Isaiah,8,3,>QRB,W >QRB >L H NBJ>H W THR W TLD BN W J>MR JHWH >LJ QR> CMW MHR CLL XC BZ,,qal,wayq,W >QRB >L H NBJ>H,,>L H NBJ>H,>L H NBJ>H/,to the prophetess,0,prep,pers,anim,det,subs,simple,factive,>L,,,
1897634,QRB[,1Qisaa,Isaiah,8,3,>QRB,W >QRB >L H NBJ> W THR W TLD BN W J>WMR JHWH >LJ QR> CMW MHR CLL XC BZ,0 0000 00 0 0000 0 000 0 000 00 0 00000 0000 0000 000 0000 000 000 00 00 00,qal,wayy,W >QRB >L H NBJ>,,>L H NBJ>,>L H NBJ>,to the prophet,0,prep,pers,anim,det,subs,simple,factive,>L,,,
214826,HLK[,MT,Isaiah,8,6,HLKJM,J<N KJ M>S H <M H ZH >T MJ H CLX H HLKJM L >V W MFWF >T RYJN W BN RMLJHW,,qal,ptca,H HLKJM L >V,,no complement,no complement,,,,,,,,,,,,,
1897699,HLK[,1Qisaa,Isaiah,8,6,HWLKJM,J<N KJ> M>S H <M H ZH >T MJ H CWLX H HWLKJM L >WV W MCWC >T RYJN W >T BN RWMLJH,000 000 000 0 00 0 00 00 00 0 0000 0 000000 0 000 0 0000 00 0000 0 00 00 000000 00,qal,ptca,H HWLKJM L >WV,,no complement,no complement,,,,,,,,,,,,,
214840,<LH[,MT,Isaiah,8,7,M<LH,W LKN HNH >DNJ M<LH <LJHM >T MJ H NHR H <YWMJM W H RBJM >T MLK >CWR W >T KL KBWDW W <LH <L KL >PJQJW W HLK <L KL GDWTJW,,hif,ptca,HNH >DNJ M<LH <LJHM >T MJ H NHR H <YWMJM W H RBJM >T MLK >CWR W >T KL KBWDW,>DNJ,<LJHM,<L,against them,0,prep,prps,anim,det,prsf,simple,factive,<L,,,
214859,<LH[,MT,Isaiah,8,7,<LH,W LKN HNH >DNJ M<LH <LJHM >T MJ H NHR H <YWMJM W H RBJM >T MLK >CWR W >T KL KBWDW W <LH <L KL >PJQJW W HLK <L KL GDWTJW,,qal,perf,W <LH <L KL >PJQJW,,<L KL >PJQJW,<L KL/ >PJQ/,over all its channels,0,prep,topo,inanim,det,subs subs,complex,factive,<L,,,
214864,HLK[,MT,Isaiah,8,7,HLK,W LKN HNH >DNJ M<LH <LJHM >T MJ H NHR H <YWMJM W H RBJM >T MLK >CWR W >T KL KBWDW W <LH <L KL >PJQJW W HLK <L KL GDWTJW,,qal,perf,W HLK <L KL GDWTJW,,<L KL GDWTJW,<L KL/ GDJH/,over all its banks,0,prep,topo,inanim,det,subs subs,complex,factive,<L,,,
1897717,<LH[,1Qisaa,Isaiah,8,7,M<LH,W L KN HNH >DWNJ JHWH M<LH <LJHM >T MJ H NHR H H <YWMJM W H RBJM >T MLK >CWR W >T KWL KBWDW W <LH <L KWL >PJQJW W HLK <L KWL GDWWTJW,0 0 00 000 00000 0000 0000 000000 00 00 0 000 0 0 000000 0 0 0000 00 000 0000 0 00 000 000000 0 000 00 000 0000000 0 000 00 000 00000000 00,hifil,ptca,HNH >DWNJ JHWH M<LH <LJHM >T MJ H NHR H H <YWMJM W H RBJM >T MLK >CWR W >T KWL KBWDW,>DWNJ JHWH,<LJHM,<L,against them,0,prep,prps,anim,det,prsf,simple,factive,<L,,,
1897737,<LH[,1Qisaa,Isaiah,8,7,<LH,W L KN HNH >DWNJ JHWH M<LH <LJHM >T MJ H NHR H H <YWMJM W H RBJM >T MLK >CWR W >T KWL KBWDW W <LH <L KWL >PJQJW W HLK <L KWL GDWWTJW,0 0 00 000 00000 0000 0000 000000 00 00 0 000 0 0 000000 0 0 0000 00 000 0000 0 00 000 000000 0 000 00 000 0000000 0 000 00 000 00000000 00,qal,perf,W <LH <L KWL >PJQJW,,<L KWL >PJQJW,<L KL/ >PJQ/,over all its channels,0,prep,topo,inanim,det,subs subs,complex,factive,<L,,,
1897742,HLK[,1Qisaa,Isaiah,8,7,HLK,W L KN HNH >DWNJ JHWH M<LH <LJHM >T MJ H NHR H H <YWMJM W H RBJM >T MLK >CWR W >T KWL KBWDW W <LH <L KWL >PJQJW W HLK <L KWL GDWWTJW,0 0 00 000 00000 0000 0000 000000 00 00 0 000 0 0 000000 0 0 0000 00 000 0000 0 00 000 000000 0 000 00 000 0000000 0 000 00 000 00000000 00,qal,perf,W HLK <L KWL GDWWTJW,,<L KWL GDWWTJW,<L KL/ GDJH/,over all its banks,0,prep,topo,inanim,det,subs subs,complex,factive,<L,,,
214869,XLP[,MT,Isaiah,8,8,XLP,W XLP B JHWDH CVP W <BR <D YW>R JGJ< W HJH MVWT KNPJW ML> RXB >RYK <MNW >L,,qal,perf,W XLP B JHWDH,,B JHWDH,B JHWDH/,in/into Judah,0,prep,"pers,gens,topo",anim inanim,det,nmpr,simple,factive,B,,,
214872,CVP[,MT,Isaiah,8,8,CVP,W XLP B JHWDH CVP W <BR <D YW>R JGJ< W HJH MVWT KNPJW ML> RXB >RYK <MNW >L,,qal,perf,CVP,,no complement,no complement,,,,,,,,,,,,,
214874,<BR[,MT,Isaiah,8,8,<BR,W XLP B JHWDH CVP W <BR <D YW>R JGJ< W HJH MVWT KNPJW ML> RXB >RYK <MNW >L,,qal,perf,W <BR,,no complement,no complement,,,,,,,,,,,,,
1897748,XLP[,1Qisaa,Isaiah,8,8,XLP,W XLP B JHWDH CVP W <BR <D YW>R JGJ< W HJH MVWT KNPJW MLW> RXB >RYK <MNW >L,0 000 0 00000 000 0 000 00 0000 0000 0 000 0000 000000 0000 000 00000 0000 00 00,qal,perf,W XLP B JHWDH,,B JHWDH,B JHWDH/,in/into Judah,0,prep,"pers,gens,topo",anim inanim,det,nmpr,simple,factive,B,,,
1897751,CVP[,1Qisaa,Isaiah,8,8,CVP,W XLP B JHWDH CVP W <BR <D YW>R JGJ< W HJH MVWT KNPJW MLW> RXB >RYK <MNW >L,0 000 0 00000 000 0 000 00 0000 0000 0 000 0000 000000 0000 000 00000 0000 00 00,qal,perf,CVP,,no complement,no complement,,,,,,,,,,,,,
1897753,<BR[,1Qisaa,Isaiah,8,8,<BR,W XLP B JHWDH CVP W <BR <D YW>R JGJ< W HJH MVWT KNPJW MLW> RXB >RYK <MNW >L,0 000 0 00000 000 0 000 00 0000 0000 0 000 0000 000000 0000 000 00000 0000 00 00,qal,perf,W <BR,,no complement,no complement,,,,,,,,,,,,,
214926,HLK[,MT,Isaiah,8,11,LKT,KJ KH >MR JHWH >LJ K XZQT H JD W JSRNJ M LKT B DRK H <M H ZH L >MR,,qal,infc,M LKT B DRK H <M H ZH,,B DRK H <M H ZH,B DRK/ H <M/ H ZH,in the way of this people,0,prep,topo abs,inanim,det,subs subs,complex,factive fictive,B,,,
1897804,HLK[,1Qisaa,Isaiah,8,11,LKT,KJ KH >MR JHWH >LJ K XZQT JD JSJRNW M LKT B DRK H <M H ZH L >MWR,00 00 000 0000 0000 0 0000 00 0000000 0 000 0 000 0 00 0 00 0 0000 00,qal,infc,M LKT B DRK H <M H ZH,,B DRK H <M H ZH,B DRK/ H <M/ H ZH,in the way of this people,0,prep,topo abs,inanim,det,subs subs,complex,factive fictive,B,,,
214995,NPL[,MT,Isaiah,8,15,NPLW,W KCLW BM RBJM W NPLW W NCBRW W NWQCW W NLKDW,,qal,perf,W NPLW,,no complement,no complement,,,,,,,,,,,,,
1897877,NPL[,1Qisaa,Isaiah,8,15,NPLW,W KCLW BM RBJM W NPLW W NCBRW W NWQCW W NLKDW,0 0000 000 0000 0 0000 0 00000 0 00000 0 00000 00,qal,perf,W NPLW,,no complement,no complement,,,,,,,,,,,,,
215093,<BR[,MT,Isaiah,8,21,<BR,W <BR BH NQCH W R<B W HJH KJ JR<B W HTQYP W QLL B MLKW W B >LHJW W PNH L M<LH,,qal,perf,W <BR BH,,BH,B,in it,0,prep,prps,inanim,det,prsf,simple,factive,B,,,
215112,PNH[,MT,Isaiah,8,21,PNH,W <BR BH NQCH W R<B W HJH KJ JR<B W HTQYP W QLL B MLKW W B >LHJW W PNH L M<LH,,qal,perf,W PNH L M<LH,,L M<LH,L M<L/,upwards,1,prep + dir_he,dir,inanim,und,subs,simple,factive,L,,,
1897981,<BR[,1Qisaa,Isaiah,8,21,<BR,W <BR BH W NQCH W R<B W HJH KJ> JR<B JTQYP W QLL B MLKW W B >LWHW W PNH L M<LH,0 000 000 0 0000 0 000 0 000 000 0000 00000 0 000 0 00000 0 0 000000 0 000 0 00000 00,qal,perf,W <BR BH,,BH,B,in it,0,prep,prps,inanim,det,prsf,simple,factive,B,,,
1898000,PNH[,1Qisaa,Isaiah,8,21,PNH,W <BR BH W NQCH W R<B W HJH KJ> JR<B JTQYP W QLL B MLKW W B >LWHW W PNH L M<LH,0 000 000 0 0000 0 000 0 000 000 0000 00000 0 000 0 00000 0 0 000000 0 000 0 00000 00,qal,perf,W PNH L M<LH,,L M<LH,L M<L/,upwards,1,prep + dir_he,dir,inanim,und,subs,simple,factive,L,,,
1898014,<WP[,1Qisaa,Isaiah,8,22,M<JP,W >L H >RY JBJV W HNH YRH W XCWKH M<JP YWQH W >PLH MNDX,0 00 0 000 0000 0 000 000 0 00000 0000 0000 0 0000 0000 00,hifil,ptca,W HNH YRH W XCWKH M<JP YWQH,YRH W XCWKH,no complement,no complement,,0,,,,,,,,,,,
1898022,<WP[,1Qisaa,Isaiah,8,23,M<WPP,KJ LW M<WPP L >CR MWYQ LH K <T H RJCWN HQL >RY ZBWLWN W H >RY NPTLJ W H >XRWN HKBJD DRK H JM <BR H JRDN GLJL H GW>JM,00 00 00000 0 000 0000 000 0 00 0 00000 000 000 000000 0 0 000 00000 0 0 00000 00000 000 0 00 000 0 0000 0000 0 00000 00,polel,ptca,,,no complement,no complement,,,,,,,,,,,,,
215163,HLK[,MT,Isaiah,9,1,HLKJM,H <M H HLKJM B XCK R>W >WR GDWL JCBJ B >RY YLMWT >WR NGH <LJHM,,qal,ptca,H HLKJM B XCK,,no complement,no complement,,,,,,,,,,,,,
1898055,HLK[,1Qisaa,Isaiah,9,1,HWLKJM,H <M H HWLKJM B XWCK R>W >WR GDWL JWCBJ B >RY YLMWT >WR NGH <LJHM,0 00 0 000000 0 0000 000 000 0000 00000 0 000 00000 000 000 000000 00,qal,ptca,,,no complement,no complement,,,,,,,,,,,,,
215222,GLL[,MT,Isaiah,9,4,MGWLLH,KJ KL S>WN S>N B R<C W FMLH MGWLLH B DMJM W HJTH L FRPH M>KLT >C,,pual,ptcp,W FMLH MGWLLH B DMJM,FMLH,no complement,no complement,,,,,,,,,,,,,
1898116,GLL[,1Qisaa,Isaiah,9,4,MGWLLH,KJ KWL S>WN S>N B R<C W FMLH MGWLLH B DMJM W HJTH L FRPH M>KLT >C,00 000 0000 000 0 000 0 0000 000000 0 0000 0 0000 0 0000 00000 00 00,poal,ptca,W FMLH MGWLLH B DMJM,FMLH,no complement,no complement,,,,,,,,,,,,,
215297,NPL[,MT,Isaiah,9,7,NPL,DBR CLX >DNJ B J<QB W NPL B JFR>L,,qal,perf,W NPL B JFR>L,,B JFR>L,B JFR>L/,on Israel,0,prep,"pers,gens,topo",anim inanim,det,nmpr,complex,fictive,B,,,
1898195,NPL[,1Qisaa,Isaiah,9,7,NPL,DBR CLX JHWH B J<QWB W NPL B JFR>L,000 000 0000 0 00000 0 000 0 00000 00,qal,perf,W NPL B JFR>L,,B JFR>L,B JFR>L/,on Israel,0,prep,"pers,gens,topo",anim inanim,det,nmpr,complex,fictive,B,,,
215318,NPL[,MT,Isaiah,9,9,NPLW,LBNJM NPLW W GZJT NBNH CQMJM GD<W W >RZJM NXLJP,,qal,perf,LBNJM NPLW,LBNJM,no complement,no complement,,,,,,,,,,,,,
215326,XLP[,MT,Isaiah,9,9,NXLJP,LBNJM NPLW W GZJT NBNH CQMJM GD<W W >RZJM NXLJP,,hif,impf,W >RZJM NXLJP,,no complement,no complement,,,,,,,,,,,,,
1898218,NPL[,1Qisaa,Isaiah,9,9,NPLW,LBNJM NPLW W GZJT NBNH CQMJM GD<W W >RZJM NXLJP,00000 0000 0 0000 0000 00000 0000 0 00000 00000 00,qal,perf,LBNJM NPLW,LBNJM,no complement,no complement,,,,,,,,,,,,,
1898226,XLP[,1Qisaa,Isaiah,9,9,NXLJP,LBNJM NPLW W GZJT NBNH CQMJM GD<W W >RZJM NXLJP,00000 0000 0 0000 0000 00000 0000 0 00000 00000 00,hifil,impf,W >RZJM NXLJP,,no complement,no complement,,,,,,,,,,,,,
215356,CWB[,MT,Isaiah,9,11,CB,>RM M QDM W PLCTJM M >XWR W J>KLW >T JFR>L B KL PH B KL Z>T L> CB >PW W <WD JDW NVWJH,,qal,perf,B KL Z>T L> CB >PW,>PW,no complement,no complement,,,,,,,,,,,,,
1898259,CWB[,1Qisaa,Isaiah,9,11,CB,>RM M QDM W PLCTJJM M >XWR W J>KLW >T JFR>L B KWL PH W B KWL ZWWT LW> CB >PW W <WD JDJW NVWJH,000 0 000 0 0000000 0 0000 0 00000 00 00000 0 000 00 0 0 000 0000 000 00 0000 0 000 00000 00000 00,qal,perf,B KWL ZWWT LW> CB >PW,>PW,no complement,no complement,,,,,,,,,,,,,
215366,CWB[,MT,Isaiah,9,12,CB,W H <M L> CB <D H MKHW W >T JHWH YB>WT L> DRCW,,qal,perf,W H <M L> CB,H <M,no complement,no complement,,,,,,,,,,,,,
1898270,CWB[,1Qisaa,Isaiah,9,12,CB,W H <M LW> CB <L H MKHW W >T JHWH YB>WT LW> DRCW,0 0 00 000 00 00 0 00000 0 00 0000 00000 000 0000 00,qal,perf,W H <M LW> CB,H <M,no complement,no complement,,,,,,,,,,,,,
215410,T<H[,MT,Isaiah,9,15,MT<JM,W JHJW M>CRJ H <M H ZH MT<JM W M>CRJW MBL<JM,,hif,ptca,W JHJW M>CRJ H <M H ZH MT<JM,M>CRJ H <M H ZH,no complement,no complement,,,,,,,,,,,,,
1898318,T<H[,1Qisaa,Isaiah,9,15,MT<JM,W JHJW M>CRJ H <M H ZH MT<JM W M>CRJW MBL<JM,0 0000 00000 0 00 0 00 00000 0 0000000 000000 00,hifil,ptca,W JHJW M>CRJ H <M H ZH MT<JM,M>CRJ H <M H ZH,no complement,no complement,,,,,,,,,,,,,
215443,CWB[,MT,Isaiah,9,16,CB,<L KN <L BXWRJW L> JFMX >DNJ W >T JTMJW W >T >LMNTJW L> JRXM KJ KLW XNP W MR< W KL PH DBR NBLH B KL Z>T L> CB >PW W <WD JDW NVWJH,,qal,perf,B KL Z>T L> CB >PW,>PW,no complement,no complement,,,,,,,,,,,,,
1898352,CWB[,1Qisaa,Isaiah,9,16,CB,<L KN <L BXWRJW LW> JXMWL >DWNJ W >T JTWMJW W >T >LMNWTJW LW> JRXM KJ KWLW XNP W MR< W KWL PH DBR NBLH B KWL ZW>T LW> CB >PW W <WD JDJW NVWJH,00 00 00 0000000 000 00000 00000 0 00 0000000 0 00 000000000 000 0000 00 00000 000 0 000 0 000 00 000 0000 0 000 0000 000 00 0000 0 000 00000 00000 00,qal,perf,B KWL ZW>T LW> CB >PW,>PW,no complement,no complement,,,,,,,,,,,,,
215519,CWB[,MT,Isaiah,9,20,CB,MNCH >T >PRJM W >PRJM >T MNCH JXDW HMH <L JHWDH B KL Z>T L> CB >PW W <WD JDW NVWJH,,qal,perf,B KL Z>T L> CB >PW,>PW,no complement,no complement,,,,,,,,,,,,,
1898435,CWB[,1Qisaa,Isaiah,9,20,CB,W J>KL MNCH >T >PRJM W >PRJM >T MNCH JXDW HMH <L JHWDH W B KWL ZW>T LW> CB >PW W <WD JDJW NVWJH,0 0000 0000 00 00000 0 00000 00 0000 0000 000 00 00000 0 0 000 0000 000 00 0000 0 000 00000 00000 00,qal,perf,B KWL ZW>T LW> CB >PW,>PW,no complement,no complement,,,,,,,,,,,,,
215564,BW>[,MT,Isaiah,10,3,TBW>,W MH T<FW L JWM PQDH W L CW>H M MRXQ TBW> <L MJ TNWSW L <ZRH W >NH T<ZBW KBWDKM,,qal,impf,M MRXQ TBW>,,M MRXQ,MN MRXQ/,from a distant place,0,prep,topo,inanim,und,subs,simple,factive fictive,MN,,,
215567,NWS[,MT,Isaiah,10,3,TNWSW,W MH T<FW L JWM PQDH W L CW>H M MRXQ TBW> <L MJ TNWSW L <ZRH W >NH T<ZBW KBWDKM,,qal,impf,<L MJ TNWSW L <ZRH,,<L MJ,<L MJ,to whom,0,prep,ppin,anim,und,ppin,simple,factive,<L,,,
1898482,BW>[,1Qisaa,Isaiah,10,3,TBW>,W MH T<FW L JWM PQWDH W L C>H M MRXQ TBW> <L MJ TNWSW L <ZRH W >NH T<ZWBW KBWDKM,0 00 0000 0 000 00000 0 0 000 0 0000 0000 00 00 00000 0 0000 0 0000 000000 0000000 00,qal,impf,M MRXQ TBW>,,M MRXQ,MN MRXQ/,from a distant place,0,prep,topo,inanim,und,subs,simple,factive fictive,MN,,,
1898485,NWS[,1Qisaa,Isaiah,10,3,TNWSW,W MH T<FW L JWM PQWDH W L C>H M MRXQ TBW> <L MJ TNWSW L <ZRH W >NH T<ZWBW KBWDKM,0 00 0000 0 000 00000 0 0 000 0 0000 0000 00 00 00000 0 0000 0 0000 000000 0000000 00,qal,impf,<L MJ TNWSW L <ZRH,,<L MJ,<L MJ,to whom,0,prep,ppin,anim,und,ppin,simple,factive,<L,,,
215581,NPL[,MT,Isaiah,10,4,JPLW,BLTJ KR< TXT >SJR W TXT HRWGJM JPLW B KL Z>T L> CB >PW W <WD JDW NVWJH,,qal,impf,W TXT HRWGJM JPLW,,TXT HRWGJM,TXT/ HRG[,instead of/among the ones being killed,0,prep,pers,anim,und,subs,simple,factive fictive,TXT,,,
215586,CWB[,MT,Isaiah,10,4,CB,BLTJ KR< TXT >SJR W TXT HRWGJM JPLW B KL Z>T L> CB >PW W <WD JDW NVWJH,,qal,perf,B KL Z>T L> CB >PW,>PW,no complement,no complement,,,,,,,,,,,,,
1898500,NPL[,1Qisaa,Isaiah,10,4,JPLW,BLTJ KR< TXT >SWR W TXT HRWGJM JPLW W B KWL ZW>T LW> CB >PW W <WD JDJW NVWJH,0000 000 000 0000 0 000 000000 0000 0 0 000 0000 000 00 0000 0 000 00000 00000 00,qal,impf,W TXT HRWGJM JPLW,,TXT HRWGJM,TXT/ HRG[,instead of/among the ones being killed,0,prep,pers,anim,und,subs,simple,factive fictive,TXT,,,
1898506,CWB[,1Qisaa,Isaiah,10,4,CB,BLTJ KR< TXT >SWR W TXT HRWGJM JPLW W B KWL ZW>T LW> CB >PW W <WD JDJW NVWJH,0000 000 000 0000 0 000 000000 0000 0 0 000 0000 000 00 0000 0 000 00000 00000 00,qal,perf,B KWL ZW>T LW> CB >PW,>PW,no complement,no complement,,,,,,,,,,,,,
215738,SWR[,MT,Isaiah,10,13,>SJR,KJ >MR B KX JDJ <FJTJ W B XKMTJ KJ NBNWTJ W >SJR GBWLT <MJM W <TJDTJHM CWFTJ W >WRJD K>BJR JWCBJM,,hif,impf,W >SJR GBWLT <MJM,,no complement,no complement,,,,,,,,,,,,,
215745,JRD[,MT,Isaiah,10,13,>WRJD,KJ >MR B KX JDJ <FJTJ W B XKMTJ KJ NBNWTJ W >SJR GBWLT <MJM W <TJDTJHM CWFTJ W >WRJD K>BJR JWCBJM,,hif,impf,W >WRJD K>BJR JWCBJM,,no complement,no complement,,,,,,,,,,,,,
1898665,SWR[,1Qisaa,Isaiah,10,13,>SJR,KJ JW>MR B KWX JDJ <FJTJ W B XKMTJ KJ NBWNWTJ W >SJR GBLWT <MJM W <TJDWTJHMH CWCJTJ W >WRJD JWCBJM,00 00000 0 000 0000 00000 0 0 000000 00 0000000 0 0000 00000 0000 0 00000000000 000000 0 00000 01 000000 00,hifil,impf,W >SJR GBLWT <MJM,,no complement,no complement,,,,,,,,,,,,,
1898672,JRD[,1Qisaa,Isaiah,10,13,>WRJD,KJ JW>MR B KWX JDJ <FJTJ W B XKMTJ KJ NBWNWTJ W >SJR GBLWT <MJM W <TJDWTJHMH CWCJTJ W >WRJD JWCBJM,00 00000 0 000 0000 00000 0 0 000000 00 0000000 0 0000 00000 0000 0 00000000000 000000 0 00000 01 000000 00,hifil,impf,W >WRJD JWCBJM,,no complement,no complement,,,,,,,,,,,,,
215894,CWB[,MT,Isaiah,10,21,JCWB,C>R JCWB C>R J<QB >L >L GBWR,,qal,impf,C>R JCWB C>R J<QB >L >L GBWR,C>R C>R J<QB,>L >L GBWR,>L >L/ GBWR/,to the mighty god,0,prep,pers,anim,und,subs subs,complex,fictive,>L,,,
1898827,CWB[,1Qisaa,Isaiah,10,21,JCWB,C>R JCWB C>R J<QWB >L >L GBWR,000 0000 000 00000 00 00 0000 00,qal,impf,C>R JCWB C>R J<QWB >L >L GBWR,C>R JCWB C>R J<QWB,>L >L GBWR,>L >L/ GBWR/,to the mighty god,0,prep,pers,anim,und,subs subs,complex,fictive,>L,,,
215910,CWB[,MT,Isaiah,10,22,JCWB,KJ >M JHJH <MK JFR>L K XWL H JM C>R JCWB BW KLJWN XRWY CWVP YDQH,,qal,impf,KJ C>R JCWB BW,C>R,BW,B,to him,0,prep,prps,anim,det,prsf,simple,fictive,B,,,
215914,CVP[,MT,Isaiah,10,22,CWVP,KJ >M JHJH <MK JFR>L K XWL H JM C>R JCWB BW KLJWN XRWY CWVP YDQH,,qal,ptca,CWVP YDQH,,no complement,no complement,,,,,,,,,,,,,
1898844,CWB[,1Qisaa,Isaiah,10,22,JCWB,KJ> >M JHJH <MK JFR>L K XWL H JM C>R JCWB BW KLJWN XRWY CWVP YDQH,000 00 0000 0000 00000 0 000 0 00 000 0000 000 00000 0000 0000 0000 00,qal,impf,KJ> >M JHJH <MK JFR>L K XWL H JM C>R JCWB BW,C>R,BW,B,to him,0,prep,prps,anim,det,prsf,simple,fictive,B,,,
1898848,CVP[,1Qisaa,Isaiah,10,22,CWVP,KJ> >M JHJH <MK JFR>L K XWL H JM C>R JCWB BW KLJWN XRWY CWVP YDQH,000 00 0000 0000 00000 0 000 0 00 000 0000 000 00000 0000 0000 0000 00,qal,ptca,CWVP YDQH,,no complement,no complement,,,,,,,,,,,,,
215993,SWR[,MT,Isaiah,10,27,JSWR,W HJH B JWM H HW> JSWR SBLW M <L CKMK W <LW M <L YW>RK W XBL <L M PNJ CMN,,qal,impf,JSWR SBLW M <L CKMK,SBLW,M <L CKMK,MN <L CKM/,from your shoulder,0,prep + prep,bopa,inanim,det,subs,simple,factive fictive,MN,<L,,
1898931,SWR[,1Qisaa,Isaiah,10,27,JSWR,W HJH B JWM H HW> JSWR SBLW M <L CKMK W <WLW M <L YW>RK W XBL <WL M PNJ CMN,0 000 0 000 0 000 0000 00000 0 00 00000 0 00000 0 00 000000 0 000 000 0 000 000 00,qal,impf,JSWR SBLW M <L CKMK,SBLW,M <L CKMK,MN <L CKM/,from your shoulder,0,prep + prep,bopa,inanim,det,subs,simple,factive fictive,MN,<L,,
216009,BW>[,MT,Isaiah,10,28,B>,B> <L <JT <BR B MGRWN L MKMF JPQJD KLJW,,qal,perf,B> <L <JT,,<L <JT,<L <JT/,to Aiath,0,prep,topo,inanim,det,nmpr,simple,factive,<L,,,
216012,<BR[,MT,Isaiah,10,28,<BR,B> <L <JT <BR B MGRWN L MKMF JPQJD KLJW,,qal,perf,<BR B MGRWN,,B MGRWN,B MGRWN/,through Migron,0,prep,topo,inanim,det,nmpr,simple,factive,B,,,
1898948,BW>[,1Qisaa,Isaiah,10,28,B>,B> <L <JTH <BR B MGRWN L MKMC JPQWD KLJW,00 00 00000 000 0 00000 0 0000 00000 00000 00,qal,perf,B> <L <JTH,,<L <JTH,<L <JT/,to Aiath,1,prep + dir-he,topo,inanim,det,nmpr,simple,factive,<L,,,
1898951,<BR[,1Qisaa,Isaiah,10,28,<BR,B> <L <JTH <BR B MGRWN L MKMC JPQWD KLJW,00 00 00000 000 0 00000 0 0000 00000 00000 00,qal,perf,<BR B MGRWN,,B MGRWN,B MGRWN/,through Migron,0,prep,topo,inanim,det,nmpr,simple,factive,B,,,
216019,<BR[,MT,Isaiah,10,29,<BRW,<BRW M<BRH GB< MLWN LNW XRDH H RMH GB<T C>WL NSH,,qal,perf,<BRW M<BRH,,M<BRH,M<BRH/,a pass,0,vc,topo,inanim,und,subs,simple,factive,,,,
216029,NWS[,MT,Isaiah,10,29,NSH,<BRW M<BRH GB< MLWN LNW XRDH H RMH GB<T C>WL NSH,,qal,perf,GB<T C>WL NSH,GB<T C>WL,no complement,no complement,,,,,,,,,,,,,
1898959,<BR[,1Qisaa,Isaiah,10,29,<BR,<BR B M<BRH GB< MLWN LNW XRDH H RMH GB<T C>WL NSH,000 0 00000 000 0000 0000 0000 0 000 0000 0000 000 00,qal,perf,<BR B M<BRH,,B M<BRH,B M<BRH/,(in) a pass,0,prep,topo,inanim,und,subs,simple,factive,B,,,
1898970,NWS[,1Qisaa,Isaiah,10,29,NSH,<BR B M<BRH GB< MLWN LNW XRDH H RMH GB<T C>WL NSH,000 0 00000 000 0000 0000 0000 0 000 0000 0000 000 00,qal,perf,GB<T C>WL NSH,GB<T C>WL,no complement,no complement,,,,,,,,,,,,,
216043,<WZ[,MT,Isaiah,10,31,H<JZW,NDDH MDMNH JCBJ H GBJM H<JZW,,hif,perf,JCBJ H GBJM H<JZW,JCBJ H GBJM,no complement,no complement,,,,,,,,,,,,,
1898986,<WZ[,1Qisaa,Isaiah,10,31,H<JZW,NDDH MRMNH JWCBJ H GBJM H<JZW,0000 00000 00000 0 0000 00000 00,hifil,perf,JWCBJ H GBJM H<JZW,JWCBJ H GBJM,no complement,no complement,,,,,,,,,,,,,
216089,NPL[,MT,Isaiah,10,34,JPWL,W NQP SBKJ H J<R B BRZL W H LBNWN B >DJR JPWL,,qal,impf,W H LBNWN B >DJR JPWL,H LBNWN,no complement,no complement,,,,,,,,,,,,,
1899034,NPL[,1Qisaa,Isaiah,10,34,JPWL,W NQP SBKJ H J<R B BRZL W H LBNWN B >DJR JPWL,0 000 0000 0 000 0 0000 0 0 00000 0 0000 0000 00,qal,impf,W H LBNWN B >DJR JPWL,H LBNWN,no complement,no complement,,,,,,,,,,,,,
216091,JY>[,MT,Isaiah,11,1,JY>,W JY> XVR M GZ< JCJ W NYR M CRCJW JPRH,,qal,perf,W JY> XVR M GZ< JCJ,XVR,M GZ< JCJ,MN GZ</ JCJ/,from the stump of Jesse,0,prep,obj,inanim,det,subs nmpr,complex,factive fictive,MN,,,
1899037,JY>[,1Qisaa,Isaiah,11,1,JY>,W JY> XVR M GZ< JCJ W NYR M CWRCJW JPRH,0 000 000 0 000 000 0 000 0 0000000 0000 00,qal,perf,W JY> XVR M GZ< JCJ,XVR,M GZ< JCJ,MN GZ</ JCJ/,from the stump of Jesse,0,prep,obj,inanim,det,subs nmpr,complex,factive fictive,MN,,,
216102,NWX[,MT,Isaiah,11,2,NXH,W NXH <LJW RWX JHWH RWX XKMH W BJNH RWX <YH W GBWRH RWX D<T W JR>T JHWH,,qal,perf,W NXH <LJW RWX JHWH RWX XKMH W BJNH RWX <YH W GBWRH RWX D<T W JR>T JHWH,RWX JHWH RWX XKMH W BJNH RWX <YH W GBWRH RWX D<T W JR>T JHWH,<LJW,<L,upon him,0,prep,prps,anim,det,prsf,simple,factive fictive,<L,,,
1899049,NWX[,1Qisaa,Isaiah,11,2,NXH,W NXH <LJW RWX JHWH RWX XKMH W BJNH RWX <YH W GBWRH RWX D<T W JR>T JHWH,0 000 00000 000 0000 000 0000 0 0000 000 000 0 00000 000 000 0 0000 0000 00,qal,perf,W NXH <LJW RWX JHWH RWX XKMH W BJNH RWX <YH W GBWRH RWX D<T W JR>T JHWH,RWX JHWH RWX XKMH W BJNH RWX <YH W GBWRH RWX D<T W JR>T JHWH,<LJW,<L,upon him,0,prep,prps,anim,det,prsf,simple,factive fictive,<L,,,
216327,SWR[,MT,Isaiah,11,13,SRH,W SRH QN>T >PRJM W YRRJ JHWDH JKRTW >PRJM L> JQN> >T JHWDH W JHWDH L> JYR >T >PRJM,,qal,perf,W SRH QN>T >PRJM,QN>T >PRJM,no complement,no complement,,,,,,,,,,,,,
1899280,SWR[,1Qisaa,Isaiah,11,13,SRH,W SRH QN>T >PRJM W YWRRJ JHWDH JKRTW >PRJM LW> JQN> >T JHWDH W JHWDH LW> JYR >T >PRJM,0 000 0000 00000 0 00000 00000 00000 00000 000 0000 00 00000 0 00000 000 000 00 00000 00,qal,perf,W SRH QN>T >PRJM,QN>T >PRJM,no complement,no complement,,,,,,,,,,,,,
216346,<WP[,MT,Isaiah,11,14,<PW,W <PW B KTP PLCTJM JMH JXDW JBZW >T BNJ QDM >DWM W MW>B MCLWX JDM W BNJ <MWN MCM<TM,,qal,perf,W <PW B KTP PLCTJM JMH,,PLCTJM,PLCTJ/,towards the Philistines (?),0,vc,gens,anim,und,nmpr,simple,factive,,,,
1899300,<WP[,1Qisaa,Isaiah,11,14,<PW,W <PW B KTP PLCTJJM JMH JXDW W BZZW >T BNJ QDM >DWM W MW>B MCLWX JDM W BNJ <MWN MCM<TM,0 000 0 000 0000000 0000 0000 0 0000 00 000 000 0000 0 0000 00000 0000 0 000 0000 0000000 00,qal,perf,W <PW B KTP PLCTJJM JMH,,PLCTJJM,PLCTJ/,towards the Philistines (?),0,vc,gens,anim,und,nmpr,simple,factive,,,,
216407,<LH[,MT,Isaiah,11,16,<LTW,W HJTH MSLH L C>R <MW >CR JC>R M >CWR K >CR HJTH L JFR>L B JWM <LTW M >RY MYRJM,,qal,infc,<LTW M >RY MYRJM,,M >RY MYRJM,MN >RY/ MYRJM/,from the land of Egypt,0,prep,topo,inanim,det,subs nmpr,complex,factive,MN,,,
1899364,<LH[,1Qisaa,Isaiah,11,16,<LWT,W HJJTH MSLH L C>R <MW >CR JC>R M >CWR K >CR HJJTH L JFR>L B JWM <LWT M >RY MYRJM,0 00000 0000 0 000 0000 000 0000 0 0000 0 000 00000 0 00000 0 000 000001 0 000 00000 00,qal,infc,<LWT M >RY MYRJM,,M >RY MYRJM,MN >RY/ MYRJM/,from the land of Egypt,0,prep,topo,inanim,det,subs nmpr,complex,factive,MN,,,
216423,CWB[,MT,Isaiah,12,1,JCB,W >MRT B JWM H HW> >WDK JHWH KJ >NPT BJ JCB >PK W TNXMNJ,,qal,impf,JCB >PK,>PK,no complement,no complement,,,,,,,,,,,,,
1899381,CWB[,1Qisaa,Isaiah,12,1,CB,W >MRTH B JWM H HW> >WDKH JHWH KJ >NPTH BJ W CB >PKH W TNXMNJ,0 00000 0 000 0 000 000000 0000 00 00000 000 0 00 00000 0 0000000 00,qal,perf,W CB >PKH,>PKH,no complement,no complement,,,,,,,,,,,,,
216516,BW>[,MT,Isaiah,13,2,JB>W,<L HR NCPH F>W NS HRJMW QWL LHM HNJPW JD W JB>W PTXJ NDJBJM,,qal,impf,W JB>W PTXJ NDJBJM,,PTXJ NDJBJM,PTX/ NDJB/,the doors of the nobles,0,vc,obj,inanim,und,subs,complex,factive,,,,
1899480,BW>[,1Qisaa,Isaiah,13,2,JBW>,<L HR NCPH F>W NS HRJMW QWL LHM HNJPW JD JBW> PTXJ NDJBJM,00 00 0000 000 00 00000 000 0000 00000 00 0000 0000 000000 00,qal,impf,JBW> PTXJ NDJBJM,,PTXJ NDJBJM,PTX/ NDJB/,the doors of the nobles,0,vc,obj,inanim,und,subs,complex,factive,,,,
1919255,BW>[,1Q8,Isaiah,13,2,JB>W,<L HR NCPH F>W NS HRJMW QWL LHM HNJPW JD W JB>W PTXJ NDJBJM,00 00 0000 000 00 00000 000 0000 00000 00 0 0000 0000 000000 00,qal,impf,W JB>W PTXJ NDJBJM,,PTXJ NDJBJM,PTX/ NDJB/,the doors of the nobles,0,vc,obj,inanim,und,subs,complex,factive,,,,
216548,BW>[,MT,Isaiah,13,5,B>JM,B>JM M >RY MRXQ M QYH H CMJM JHWH W KLJ Z<MW L XBL KL H >RY,,qal,ptca,B>JM M >RY MRXQ M QYH H CMJM JHWH W KLJ Z<MW,JHWH W KLJ Z<MW,M >RY MRXQ M QYH H CMJM,MN >RY/ MRXQ/ MN QYH=/ H CMJM/,from a distant land from the end of the heavens,0,prep + prep,topo,inanim,und,subs subs subs subs,complex,factive,MN,MN,,
1899514,BW>[,1Qisaa,Isaiah,13,5,B>JM,B>JM M >RY MRXQ M QYH H CMJM JHWH W KLJ Z<MW L XBL KL H >RY,0000 0 000 0000 0 000 0 0000 0000 0 000 00000 0 000 00 0 000 00,qal,ptca,B>JM M >RY MRXQ M QYH H CMJM JHWH W KLJ Z<MW,JHWH W KLJ Z<MW,M >RY MRXQ M QYH H CMJM,MN >RY/ MRXQ/ MN QYH=/ H CMJM/,from a distant land from the end of the heavens,0,prep + prep,topo,inanim,und,subs subs subs subs,complex,factive,MN,MN,,
1919289,BW>[,1Q8,Isaiah,13,5,B>JM,B>JM M >RY MRXQ M QYH H CMJM JHWH W KLJ Z<MW L XBL KL H >RY,0000 0 000 0000 0 000 0 0000 0000 0 000 00000 0 000 00 0 000 00,qal,ptca,B>JM M >RY MRXQ M QYH H CMJM JHWH W KLJ Z<MW,JHWH W KLJ Z<MW,M >RY MRXQ M QYH H CMJM,MN >RY/ MRXQ/ MN QYH=/ H CMJM/,from a distant land from the end of the heavens,0,prep + prep,topo,inanim,und,subs subs subs subs,complex,factive,MN,MN,,
216574,BW>[,MT,Isaiah,13,6,JBW>,HJLJLW KJ QRWB JWM JHWH K CD M CDJ JBW>,,qal,impf,K CD M CDJ JBW>,,no complement,no complement,,,,,,,,,,,,,
1899541,BW>[,1Qisaa,Isaiah,13,6,JBW>,HJLJLW KJ QRWB JWM JHWH K CD M CDJ JBW>,000000 00 0000 000 0000 0 00 0 000 0000 00,qal,impf,K CD M CDJ JBW>,,no complement,no complement,,,,,,,,,,,,,
1919316,BW>[,1Q8,Isaiah,13,6,JBW>,HJLJLW KJ QRWB JWM JHWH K CD M CDJ JBW>,000000 00 0000 000 0000 0 00 0 000 0000 00,qal,impf,K CD M CDJ JBW>,,no complement,no complement,,,,,,,,,,,,,
216605,BW>[,MT,Isaiah,13,9,B>,HNH JWM JHWH B> >KZRJ W <BRH W XRWN >P L FWM H >RY L CMH W XV>JH JCMJD MMNH,,qal,perf,HNH JWM JHWH B> >KZRJ W <BRH W XRWN >P,JWM JHWH,no complement,no complement,,,,,,,,,,,,,
1899575,BW>[,1Qisaa,Isaiah,13,9,B>,HNH JWM JHWH B> >GZRJ W <BRH W XRWN >P L FWM >RY L CMH W XV>JM JCMJD MMNH,000 000 0000 00 00000 0 0000 0 0000 00 0 000 000 0 000 0 00000 00000 00000 00,qal,ptca,HNH JWM JHWH B> >GZRJ W <BRH W XRWN >P,JWM JHWH,no complement,no complement,,,,,,,,,,,,,
1919349,BW>[,1Q8,Isaiah,13,9,B>,HNH JWM JHWH B>,000 000 0000 00 00,qal,ptca,HNH JWM JHWH B>,JWM JHWH,no complement,no complement,,,,,,,,,,,,,
216635,JY>[,MT,Isaiah,13,10,Y>TW,KJ KWKBJ H CMJM W KSJLJHM L> JHLW >WRM XCK H CMC B Y>TW W JRX L> JGJH >WRW,,qal,infc,B Y>TW,,no complement,no complement,,,,,,,,,,,,,
1899605,JY>[,1Qisaa,Isaiah,13,10,Y>TW,KJ KWKBJ H CMJM W KSLJHM LW> J>JRW >WRM XCK H CMC B Y>TW W JRX LW> JGJH >WRW,00 00000 0 0000 0 0000000 000 00000 00000 000 0 000 0 00000 0 000 000 0000 00000 00,qal,infc,B Y>TW,,no complement,no complement,,,,,,,,,,,,,
216700,PNH[,MT,Isaiah,13,14,JPNW,W HJH K YBJ MDX W K Y>N W >JN MQBY >JC >L <MW JPNW W >JC >L >RYW JNWSW,,qal,impf,K YBJ MDX W K Y>N JPNW,,no complement,no complement,,,,,,,,,,,,,
216705,NWS[,MT,Isaiah,13,14,JNWSW,W HJH K YBJ MDX W K Y>N W >JN MQBY >JC >L <MW JPNW W >JC >L >RYW JNWSW,,qal,impf,W JNWSW,,no complement,no complement,,,,,,,,,,,,,
1899674,PNH[,1Qisaa,Isaiah,13,14,JPNW,W HJW K YBJ MDX W K Y>WN W >JN MQBY >JC >L <MW JPNW W >JC >L >RYW JNWSW,0 000 0 000 000 0 0 0000 0 000 0000 000 00 0000 0000 0 000 00 00000 00000 00,qal,impf,K YBJ MDX W K Y>WN  JPNW,,no complement,no complement,,,,,,,,,,,,,
1899679,NWS[,1Qisaa,Isaiah,13,14,JNWSW,W HJW K YBJ MDX W K Y>WN W >JN MQBY >JC >L <MW JPNW W >JC >L >RYW JNWSW,0 000 0 000 000 0 0 0000 0 000 0000 000 00 0000 0000 0 000 00 00000 00000 00,qal,impf,W JNWSW,,no complement,no complement,,,,,,,,,,,,,
216714,NPL[,MT,Isaiah,13,15,JPWL,KL H NMY> JDQR W KL H NSPH JPWL B XRB,,qal,impf,W KL H NSPH JPWL B XRB,KL H NSPH,no complement,no complement,,,,,,,,,,,,,
1899689,NPL[,1Qisaa,Isaiah,13,15,JPWL,KWL H NMY> JDQR W KWL H NSPH JPWL B XRB,000 0 0000 0000 0 000 0 0000 0000 0 000 00,qal,impf,W KWL H NSPH JPWL B XRB,KWL H NSPH,no complement,no complement,,,,,,,,,,,,,
1919358,NPL[,1Q8,Isaiah,13,15,JPWL,H NMY> JDQR W KL H NSPH JPWL B XRB,0 0000 0000 0 00 0 0000 0000 0 000,qal,impf,W KL H NSPH JPWL B XRB,KL H NSPH,no complement,no complement,,,,,,,,,,,,,
216823,BW>[,MT,Isaiah,13,22,BW>,W <NH >JJM B >LMNWTJW W TNJM B HJKLJ <NG W QRWB L BW> <TH W JMJH L> JMCKW,,qal,infc,L BW>,,no complement,no complement,,,,,,,,,,,,,
1899806,BW>[,1Qisaa,Isaiah,13,22,BW>,W <NH >JM B >LMNWTW W TNJM B HJKLW <NWGW QRWB L BW> <TH W JMJH LW> JMCKW <WD,0 000 000 0 00000000 0 0000 0 000000 000000 0000 0 000 0000 0 00000 000 00000 000 00,qal,infc,L BW,,no complement,no complement,,,,,,,,,,,,,
216840,NWX[,MT,Isaiah,14,1,HNJXM,KJ JRXM JHWH >T J<QB W BXR <WD B JFR>L W HNJXM <L >DMTM W NLWH H GR <LJHM W NSPXW <L BJT J<QB,,hif,perf,W HNJXM <L >DMTM,,<L >DMTM,<L >DMH/,in their land,0,prep,topo,inanim,det,subs,complex,factive fictive,<L,,,
1899825,NWX[,1Qisaa,Isaiah,14,1,HNJXM,KJ JRXM JHWH >T J<QWB W BXR <WD B JFR>L W HNJXM <L >DMTM W NLW> H GR <LJHM W NSPXW <L BJT J<QWB,00 0000 0000 00 00000 0 000 000 0 00000 0 000000 00 000000 0 0000 0 00 000000 0 00000 00 000 00000 00,hifil,perf,W HNJXM <L >DMTM,,<L >DMTM,<L >DMH/,in their land,0,prep,topo,inanim,det,subs,complex,factive fictive,<L,,,
216857,BW>[,MT,Isaiah,14,2,HBJ>WM,W LQXWM <MJM W HBJ>WM >L MQWMM W HTNXLWM BJT JFR>L <L >DMT JHWH L <BDJM W L CPXWT W HJW CBJM L CBJHM W RDW B NGFJHM,,hif,perf,W HBJ>WM >L MQWMM,,>L MQWMM,>L MQWM/,to their place,0,prep,topo,inanim,det,subs,complex,factive,>L,,,
1899844,BW>[,1Qisaa,Isaiah,14,2,HBJ>WM,W LQXWM <MJM RBJM W HBJ>WM >L >DMTM W >L MQWMM W HTNXLWM BJT JFR>L >L >DMT JHWH L <BDJM W L CPXWT W HJW CWBJM L CWBJHM W RDJM B NWGFJHM,0 000000 0000 0000 0 0000000 00 000000 0 00 000000 0 00000000 000 00000 00 0000 0000 0 00000 0 0 00000 0 000 00000 0 0000000 0 0000 0 00000000 00,hifil,perf,W HBJ>WM >L >DMTM W >L MQWMM,,>L >DMTM W >L MQWMM,>L >DMH/ W >L MQWM/,to their land and to their place,0,prep + prep,topo,inanim,det,subs subs,complex,factive,>L,>L,,
216885,NWX[,MT,Isaiah,14,3,HNJX,W HJH B JWM HNJX JHWH LK M <YBK W M RGZK W MN H <BDH H QCH >CR <BD BK,,hif,infc,HNJX JHWH LK M <YBK W M RGZK W MN H <BDH H QCH,JHWH,LK,L,to you,0,prep,prps,anim,det,prsf,simple,factive fictive,L,,,
1899876,NWX[,1Qisaa,Isaiah,14,3,HNJX,W HJH B JWM HNJX JHWH LK M <YBK W M RWGZK W MN H <BWDH H QCH >CR <BDW BKH,0 000 0 000 0000 0000 000 0 00000 0 0 000000 0 00 0 00000 0 000 000 0000 0000 00,hifil,infc,HNJX JHWH LK M <YBK W M RWGZK W MN H <BWDH H QCH,JHWH,LK,L,to you,0,prep,prps,anim,det,prsf,simple,factive fictive,L,,,
216939,NWX[,MT,Isaiah,14,7,NXH,NXH CQVH KL H >RY PYXW RNH,,qal,perf,NXH,,no complement,no complement,,,,,,,,,,,,,
1899934,NWX[,1Qisaa,Isaiah,14,7,NXH,NXH CQVH KWL H >RY PYXW RWNH,000 0000 000 0 000 0000 0000 00,qal,perf,NXH,,no complement,no complement,,,,,,,,,,,,,
216956,<LH[,MT,Isaiah,14,8,J<LH,GM BRWCJM FMXW LK >RZJ LBNWN M >Z CKBT L> J<LH H KRT <LJNW,,qal,impf,L> J<LH H KRT <LJNW,H KRT,<LJNW,<L,against us (the cedars),0,prep,prps,inanim,det,prsf,simple,factive,<L,,,
1899954,<LH[,1Qisaa,Isaiah,14,8,J<LH,GM BRWCJM FMXW LK >RZJ H LBNWN M >Z CKBTH W LW> J<LH H KWRT <LJNW,00 000000 0000 000 0000 0 00000 0 00 00000 0 000 0000 0 0000 000000 00,qal,impf,LW> J<LH H KWRT <LJNW,H KWRT,<LJNW,<L,against us (the cedars),0,prep,prps,inanim,det,prsf,simple,factive,<L,,,
216967,BW>[,MT,Isaiah,14,9,BW>K,C>WL M TXT RGZH LK L QR>T BW>K <WRR LK RP>JM KL <TWDJ >RY HQJM M KS>WTM KL MLKJ GWJM,,qal,infc,BW>K,,no complement,no complement,,,,,,,,,,,,,
1899966,BW>[,1Qisaa,Isaiah,14,9,BW>K,C>WL M TXT RGZH LKH L QRT BW>K <WRRH LKH RP>JM KWL <TWDJ >RY HQJMH M KS>WTM KWL MLKJ GW>JM,0000 0 000 0000 0000 0 000 00000 00000 0000 00000 000 00000 000 00000 0 0000000 000 0000 00000 00,qal,infc,BW>K,,no complement,no complement,,,,,,,,,,,,,
216991,JRD[,MT,Isaiah,14,11,HWRD,HWRD C>WL G>WNK HMJT NBLJK TXTJK JY< RMH W MKSJK TWL<H,,hof,perf,HWRD C>WL G>WNK HMJT NBLJK,G>WNK HMJT NBLJK,C>WL,C>WL/,to the underworld,0,vc,topo,inanim,und,subs,simple,fictive,,,,
1899992,JRD[,1Qisaa,Isaiah,14,11,HWRD,HWRD C>WL G>WNK H MWT NBLTK TXTJK JY< RMH W MKSK TWL<H,0000 0000 000000 0 000 000000 000000 000 000 0 00000 00000 00,hofal,perf,HWRD C>WL G>WNK H MWT NBLTK,G>WNK H MWT NBLTK,C>WL,C>WL/,to the underworld,0,vc,topo,inanim,und,subs,simple,fictive,,,,
217003,NPL[,MT,Isaiah,14,12,NPLT,>JK NPLT M CMJM HJLL BN CXR NGD<T L >RY XWLC <L GWJM,,qal,perf,>JK NPLT M CMJM,,M CMJM,MN CMJM/,from (the) heavens,0,prep,topo,inanim,und,subs,simple,factive,MN,,,
1900006,NPL[,1Qisaa,Isaiah,14,12,NPLTH,HJKH NPLTH M H CMJM HJLJL BN CXR NGD<TH L >RY XWLC <L GWJ,0000 00000 0 0 0000 00000 00 000 000000 0 000 0000 00 000 00,qal,perf,HJKH NPLTH M H CMJM,,M H CMJM,MN H CMJM/,from the heavens,0,prep,topo,inanim,det,subs,simple,factive,MN,,,
217023,<LH[,MT,Isaiah,14,13,><LH,W >TH >MRT B LBBK H CMJM ><LH M M<L L KWKBJ >L >RJM KS>J W >CB B HR MW<D B JRKTJ YPWN,,qal,impf,H CMJM ><LH,,H CMJM,H CMJM/,the heavens,0,vc,topo,inanim,det,subs,simple,factive,,,,
1900027,<LH[,1Qisaa,Isaiah,14,13,><LH,W >TH >MRTH B LBBKH H CMJM ><LH M M<LH L KWKBJ >L >RJM KS>J >CB B HR MW<D B JRKTJ YPWN,0 000 00000 0 000000 0 0000 0000 0 00000 0 00000 00 0000 00000 000 0 00 0000 0 00000 0000 00,qal,impf,H CMJM ><LH,,H CMJM,H CMJM/,the heavens,0,vc,topo,inanim,det,subs,simple,factive,,,,
217039,<LH[,MT,Isaiah,14,14,><LH,><LH <L BMTJ <B >DMH L <LJWN,,qal,impf,><LH <L BMTJ <B,,<L BMTJ <B,<L BMH/ <B/,above the heights of the cloud(s),0,prep,other,inanim,und,subs subs,complex,factive,<L,,,
1900043,<LH[,1Qisaa,Isaiah,14,14,><LH,><LH <L BWMTJ <B >DMH L <LJWN,0000 00 00000 00 0000 0 00000 00,qal,impf,><LH <L BWMTJ <B,,<L BWMTJ <B,<L BMH/ <B/,above the heights of the cloud(s),0,prep,other,inanim,und,subs subs,complex,factive,<L,,,
217049,JRD[,MT,Isaiah,14,15,TWRD,>K >L C>WL TWRD >L JRKTJ BWR,,hof,impf,>K >L C>WL TWRD >L JRKTJ BWR,,>K >L C>WL >L JRKTJ BWR,>K >L C>WL/ >L JRKH/ BWR/,"but to the underworld, to the extremities of the pit",0,prep + prep,topo,inanim,und,subs subs subs,complex,factive,>L,>L,,
1900054,JRD[,1Qisaa,Isaiah,14,15,TWRD,>K >L C>WL TWRD >L JRKTJ BWR,00 00 0000 0000 00 00000 000 00,hofal,impf,>K >L C>WL TWRD >L JRKTJ BWR,,>K >L C>WL TWRD >L JRKTJ BWR,>K >L C>WL/ >L JRKH/ BWR/,"but to the underworld, to the extremities of the pit",0,prep + prep,topo,inanim,und,subs subs subs,complex,factive,>L,>L,,
217101,JRD[,MT,Isaiah,14,19,JWRDJ,W >TH HCLKT M QBRK K NYR NT<B LBWC HRGJM MV<NJ XRB JWRDJ >L >BNJ BWR K PGR MWBS,,qal,ptca,JWRDJ >L >BNJ BWR K PGR MWBS,,>L >BNJ BWR,>L >BN/ BWR/,to stones of the pit,0,prep,topo,inanim,und,subs subs,complex,factive,>L,,,
1900109,JRD[,1Qisaa,Isaiah,14,19,JWRDW,W >TH HWCLKTH M QWBRK K NYR NT<B LBC HRWGJM MV<NJ XRB JWRDW >L >BNJ BWR K PGR MWBS,0 000 0000000 0 000000 0 000 0000 000 000000 00000 000 00000 00 0000 000 0 000 0000 00,qal,ptca,JWRDW >L >BNJ BWR K PGR MWBS,,>L >BNJ BWR,>L >BN/ BWR/,to stones of the pit,0,prep,topo,inanim,und,subs subs,complex,factive,>L,,,
1900118,NXT[,1Qisaa,Isaiah,14,20,TXT,LW> TXT >WTM B QBWRH KJ >RYK CXTH <MK HRGTH LW> JQR>W L <WLM ZR< MR<JM,000 000 00000 0 00000 00 00000 0000 0000 00000 000 00000 0 0000 000 00000 00,hifil,impf,LW> TXT >WTM B QBWRH,,no complement,no complement,,,,,,,,,,,,,
217204,SWR[,MT,Isaiah,14,25,SR,L CBR >CWR B >RYJ W <L HRJ >BWSNW W SR M <LJHM <LW W SBLW M <L CKMW JSWR,,qal,perf,W SR M <LJHM <LW,<LW,M <LJHM,MN <L,from them (my mountains),0,prep + prep,prps,inanim,det,prsf,simple,factive,MN,<L,,
217213,SWR[,MT,Isaiah,14,25,JSWR,L CBR >CWR B >RYJ W <L HRJ >BWSNW W SR M <LJHM <LW W SBLW M <L CKMW JSWR,,qal,impf,W SBLW M <L CKMW JSWR,SBLW,M <L CKMW,MN <L CKM/,from his shoulder,0,prep + prep,bopa,inanim,det,subs,complex,factive,MN,<L,,
1900216,SWR[,1Qisaa,Isaiah,14,25,SR,L CBWR >CWR B >RYJ W <L HRJ >BWSNW W SR M <LJKMH <LW W SBLW M <L CKMKH JSWR,0 0000 0000 0 00000 0 00 0000 0000000 0 00 0 0000000 0000 0 00000 0 00 000000 0000 00,qal,perf,W SR M <LJKMH <LW,<LW,M <LJKMH,MN <L,from them (my mountains),0,prep + prep,prps,inanim,det,prsf,simple,factive,MN,<L,,
1900225,SWR[,1Qisaa,Isaiah,14,25,JSWR,L CBWR >CWR B >RYJ W <L HRJ >BWSNW W SR M <LJKMH <LW W SBLW M <L CKMKH JSWR,0 0000 0000 0 00000 0 00 0000 0000000 0 00 0 0000000 0000 0 00000 0 00 000000 0000 00,qal,impf,W SBLW M <L CKMKH JSWR,SBLW,M <L CKMKH,MN <L CKM/,from your shoulder,0,prep + prep ,bopa,inanim,det,subs,complex,factive,MN,<L,,
217246,CWB[,MT,Isaiah,14,27,JCJBNH,KJ JHWH YB>WT J<Y W MJ JPR W JDW H NVWJH W MJ JCJBNH,,hif,impf,W MJ JCJBNH,MJ,no complement,no complement,,,,,,,,,,,,,
1900260,CWB[,1Qisaa,Isaiah,14,27,JCJBNH,KJ> JHWH YB>WT J<Y W MJ JPR W JDJW H NVWJH W MJ JCJBNH,000 0000 00000 000 0 00 000 0 00000 0 00000 0 00 0000000 00,hifil,impf,W MJ JCJBNH,MJ,no complement,no complement,,,,,,,,,,,,,
217270,JY>[,MT,Isaiah,14,29,JY>,>L TFMXJ PLCT KLK KJ NCBR CBV MKK KJ M CRC NXC JY> YP< W PRJW FRP M<WPP,,qal,impf,KJ M CRC NXC JY> YP<,YP<,M CRC NXC,MN CRC/ NXC/,from the root of the serpent,0,prep,obj,inanim,und,subs subs,complex,factive fictive,MN,,,
217275,<WP[,MT,Isaiah,14,29,M<WPP,>L TFMXJ PLCT KLK KJ NCBR CBV MKK KJ M CRC NXC JY> YP< W PRJW FRP M<WPP,,piel,ptca,W PRJW FRP M<WPP,PRJW,no complement,no complement,,,,,,,,,,,,,
1900287,JY>[,1Qisaa,Isaiah,14,29,JY>,>L TFMXJ PLCT KWLK KJ NCBR CBV MKKH KJ M CWRC NXC JY> YP< W PRJW FRP M<WPP,00 00000 01 0000 00000 00 0000 000 00000 00 0 0000 000 000 000 0 00000 000 00000 00,qal,impf,KJ M CWRC NXC JY> YP<,YP<,M CWRC NXC,MN CRC/ NXC/,from the root of the serpent,0,prep,obj,inanim,und,subs subs,complex,factive fictive,MN,,,
1900292,<WP[,1Qisaa,Isaiah,14,29,M<WPP,>L TFMXJ PLCT KWLK KJ NCBR CBV MKKH KJ M CWRC NXC JY> YP< W PRJW FRP M<WPP,00 00000 01 0000 00000 00 0000 000 00000 00 0 0000 000 000 000 0 00000 000 00000 00,polel,ptca,W PRJW FRP M<WPP,PRJW,no complement,no complement,,,,,,,,,,,,,
217305,BW>[,MT,Isaiah,14,31,B>,HJLJLJ C<R Z<QJ <JR NMWG PLCT KLK KJ M YPWN <CN B> W >JN BWDD B MW<DJW,,qal,perf,KJ M YPWN <CN B>,<CN,M YPWN,MN YPWN/,from the north,0,prep,dir,inanim,und,subs,simple,factive fictive,MN,,,
1900323,BW>[,1Qisaa,Isaiah,14,31,B>,HJLJLJ C<R Z<QJ <JR NMWG PLCT KWLK KJ M YPWN <CN B> W >JN MWDD B MWD<JW,000000 000 0000 000 0000 0000 00000 00 0 0000 000 00 0 000 0000 0 0000000 00,qal,ptca,KJ M YPWN <CN B>,<CN,M YPWN,MN YPWN/,from the north,0,prep,dir,inanim,und,subs,simple,factive fictive,M,,,
217322,XSH[,MT,Isaiah,14,32,JXSW,W MH J<NH ML>KJ GWJ KJ JHWH JSD YJWN W BH JXSW <NJJ <MW,,qal,impf,W BH JXSW <NJJ <MW,<NJJ <MW,no complement,no complement,,,,,,,,,,,,,
1900341,XSH[,1Qisaa,Isaiah,14,32,JXSW,W MH J<NW MLKJ GWJ KJ JHWH JSD YJWN W BW JXSW <NJJ <MW,0 00 0000 0000 000 00 0000 000 0000 0 000 0000 0000 0000 00,qal,impf,W BW JXSW <NJJ <MW,<NJJ <MW,no complement,no complement,,,,,,,,,,,,,
217340,<LH[,MT,Isaiah,15,2,<LH,<LH H BJT W DJBN H BMWT L BKJ <L NBW W <L MJDB> MW>B JJLJL B KL R>CJW QRXH KL ZQN GRW<H,,qal,perf,<LH H BJT,,H BJT,H BJT/,to the house/to the temple,0,vc,topo,inanim,det,subs,simple,factive,,,,
1900363,<LH[,1Qisaa,Isaiah,15,2,<LH,<LH H BJT W DJBWN H B>MWT L BKJ <L NBW W <L MJDBH MW>B JLJL B KWL R>WCW QRXH W KL ZQN GRW<H,000 0 000 0 00000 0 00000 0 000 00 000 0 00 00000 0000 0000 0 000 000000 0000 0 00 000 00000 00,qal,perf,<LH H BJT,,H BJT,H BJT/,to the house/to the temple,0,vc,topo,inanim,det,subs,simple,factive,,,,
217374,JRD[,MT,Isaiah,15,3,JRD,B XWYTJW XGRW FQ <L GGWTJH W B RXBTJH KLH JJLJL JRD B BKJ,,qal,ptca,JRD B BKJ,,no complement,no complement,,,,,,,,,,,,,
1900400,JRD[,1Qisaa,Isaiah,15,3,JRD,B XWYWTJH XGWRW FQ <L GGWTJH W B RXWBTJH KLH JHJLJL W JRD B BKJ,0 00000000 00000 00 00 0000000 0 0 00000000 0000 000000 0 000 0 000 00,qal,ptca,W JRD B BKJ,,no complement,no complement,,,,,,,,,,,,,
1919431,JRD[,1Q8,Isaiah,15,3,JRD,B XWYTJH XGRW FQ <L GGWTJH W B RXBTJH KLH JJLJL JRD B BKJ,0 0000000 0000 00 00 0000000 0 0 0000000 0000 00000 000 0 000 00,qal,ptca,JRD B BKJ,,no complement,no complement,,,,,,,,,,,,,
217409,<LH[,MT,Isaiah,15,5,J<LH,LBJ L MW>B JZ<Q BRJXH <D Y<R <GLT CLCJH KJ M<LH H LWXJT B BKJ J<LH BW KJ DRK XWRNJM Z<QT CBR J<<RW,,qal,impf,B BKJ J<LH BW,,BW,B,on him (the Luhith),0,prep,prps,inanim,det,prsf,simple,factive,B,,,
1900437,<LH[,1Qisaa,Isaiah,15,5,J<LH,LBJ L MW>B JZ<Q BRXWH <D Y<WR <GLT CLJCJH KJ M<LH H LWXWT B BKJ J<LH BW KJ DRK XWRWNJM Z<QT CBRJ <RW,0000 0 0000 0000 000000 00 0000 0000 000000 00 0000 0 00000 0 000 0000 000 00 000 0000000 0000 0000 000 00,qal,impf,B BKJ J<LH BW,,BW,B,on him (the Luhith),0,prep,prps,inanim,det,prsf,simple,factive,B,,,
1919468,<LH[,1Q8,Isaiah,15,5,J<LH,LBJ L MW>B JZ<Q BRJXH <D Y<R <GLT CLCJH KJ M<LH H LXJT B BKJ J<LH BW KJ DRK XWRNJM Z<QT CBR J<<RW,0000 0 0000 0000 000000 00 000 0000 00000 00 0000 0 0000 0 000 0000 000 00 000 000000 0000 000 00000 00,qal,impf,B BKJ J<LH BW,,BW,B,on him (the Luhith),0,prep,prps,inanim,det,prsf,simple,factive,B,,,
217496,BW>[,MT,Isaiah,16,3,HBJ>W,HBJ>W <YH <FW PLJLH CJTJ K LJL YLK B TWK YHRJM STRJ NDXJM NDD >L TGLJ,,hif,impv,HBJ>W <YH,,no complement,no complement,,,,,,,,,,,,,
217512,GLH[,MT,Isaiah,16,3,TGLJ,HBJ>W <YH <FW PLJLH CJTJ K LJL YLK B TWK YHRJM STRJ NDXJM NDD >L TGLJ,,piel,impf,NDD >L TGLJ,,no complement,no complement,,,,,,,,,,,,,
1900530,BW>[,1Qisaa,Isaiah,16,3,HBJW,HBJW <YH <FW PLJLH CJTJ K LJL YLK B TWK YHRJM STRJ NDXJM NWDD >L TGLJ,0000 000 000 00000 0000 0 000 0000 0 000 00000 0000 00000 0000 00 0000 00,hifil,impv,HBJW <YH,,no complement,no complement,,,,,,,,,,,,,
1900545,GLH[,1Qisaa,Isaiah,16,3,TGLJ,HBJW <YH <FW PLJLH CJTJ K LJL YLK B TWK YHRJM STRJ NDXJM NWDD >L TGLJ,0000 000 000 00000 0000 0 000 0000 0 000 00000 0000 00000 0000 00 0000 00,piel,impf,NWDD >L TGLJ,,no complement,no complement,,,,,,,,,,,,,
1919563,BW>[,1Q8,Isaiah,16,3,HBJ>W,HBJ>W <YH <FW PLJLH CJTJ K LJL YLK B TWK YHRJM STRJ NDXJM NDD >L TGLJ,00000 000 000 00000 0000 0 000 0000 0 000 00000 0000 00000 000 00 0000 00,hifil,impv,HBJ>W <YH,,no complement,no complement,,,,,,,,,,,,,
1919578,GLH[,1Q8,Isaiah,16,3,TGLJ,HBJ>W <YH <FW PLJLH CJTJ K LJL YLK B TWK YHRJM STRJ NDXJM NDD >L TGLJ,00000 000 000 00000 0000 0 000 0000 0 000 00000 0000 00000 000 00 0000 00,piel,impf,NDD >L TGLJ,,no complement,no complement,,,,,,,,,,,,,
217594,T<H[,MT,Isaiah,16,8,T<W,KJ CDMWT XCBWN >MLL GPN FBMH B<LJ GWJM HLMW FRWQJH <D J<ZR NG<W T<W MDBR CLXWTJH NVCW <BRW JM,,qal,perf,T<W MDBR,,MDBR,MDBR/,to a desert,0,vc,topo,inanim,und,subs,simple,factive,,,,
217598,<BR[,MT,Isaiah,16,8,<BRW,KJ CDMWT XCBWN >MLL GPN FBMH B<LJ GWJM HLMW FRWQJH <D J<ZR NG<W T<W MDBR CLXWTJH NVCW <BRW JM,,qal,perf,<BRW JM,,no complement,no complement,,,,,,,,,,,,,
1919634,T<H[,1Q8,Isaiah,16,8,T<W,KJ CDMWT XCBWN >MLL GPN FBMH B<LJ GWJM HLMW FRWQJH <D J<ZR NG<W T<W MDBR CLXWTJH NVCW <BRW JM,00 00000 00000 0000 000 0000 0000 0000 0000 0000000 00 0000 0000 000 0000 00000000 0000 0000 00 00,qal,perf,T<W MDBR,,MDBR,MDBR/,to a desert,0,vc,topo,inanim,und,subs,simple,factive,,,,
1919638,<BR[,1Q8,Isaiah,16,8,<BRW,KJ CDMWT XCBWN >MLL GPN FBMH B<LJ GWJM HLMW FRWQJH <D J<ZR NG<W T<W MDBR CLXWTJH NVCW <BRW JM,00 00000 00000 0000 000 0000 0000 0000 0000 0000000 00 0000 0000 000 0000 00000000 0000 0000 00 00,qal,perf,<BRW JM,,no complement,no complement,,,,,,,,,,,,,
217620,NPL[,MT,Isaiah,16,9,NPL,<L KN >BKH B BKJ J<ZR GPN FBMH >RJWK DM<TJ XCBWN W >L<LH KJ <L QJYK W <L QYJRK HJDD NPL,,qal,perf,KJ <L QJYK W <L QYJRK HJDD NPL,HJDD,no complement,no complement,,,,,,,,,,,,,
1900642,NPL[,1Qisaa,Isaiah,16,9,NPL,>RZJK DM<TJ XCBWN W >L<LH KJ> L <L QJYK W <L QYJRK HJDD NPL,000000 000000 00000 0 00000 000 0 00 00000 0 00 000000 0000 000 00,qal,perf,KJ> L <L QJYK W <L QYJRK HJDD NPL,HJDD,no complement,no complement,,,,,,,,,,,,,
1919661,NPL[,1Q8,Isaiah,16,9,NPL,<L KN >BKH B BKJ J<ZR GPN FBMH >RK DM<TJ XCBWN W >L<LH KJ <L QJYK W <L QYJRK HJDD NPL,00 00 0000 0 000 0000 000 0000 001100 000000 00000 0 00000 00 00 00000 0 00 000000 0000 000 00,qal,perf,KJ <L QJYK W <L QYJRK HJDD NPL,HJDD,no complement,no complement,,,,,,,,,,,,,
217671,BW>[,MT,Isaiah,16,12,B>,W HJH KJ NR>H KJ NL>H MW>B <L H BMH W B> >L MQDCW L HTPLL W L> JWKL,,qal,perf,W B> >L MQDCW,,>L MQDCW,>L MQDC/,to his sanctuary,0,prep,topo,inanim,det,subs,complex,factive,>L,,,
1900688,BW>[,1Qisaa,Isaiah,16,12,B>,JHJH KJ NR>H KJ B> MW>B <L H BMH W B> >L MQDCJW L HTPLL W LW> JWKL,0000 00 0000 00 00 0000 00 0 000 0 00 00 0000000 0 00000 0 000 0000 00,qal,perf,KJ B> MW>B <L H BMH,MW>B,<L H BMH,<L H BMH/,on the high place,0,prep,topo,inanim,det,subs,simple,factive,<L,,,
1900694,BW>[,1Qisaa,Isaiah,16,12,B>,JHJH KJ NR>H KJ B> MW>B <L H BMH W B> >L MQDCJW L HTPLL W LW> JWKL,0000 00 0000 00 00 0000 00 0 000 0 00 00 0000000 0 00000 0 000 0000 00,qal,perf,W B> >L MQDCJW,,>L MQDCJW,>L MQDC/,to his sanctuary,0,prep,topo,inanim,det,subs,complex,factive,>L ,,,
1919714,BW>[,1Q8,Isaiah,16,12,B>,W HJH KJ NR>H KJ NL>H MW>B <L H BMH W B> >L MQDCW L HTPLL,0 000 00 0000 00 0000 0000 00 0 000 0 00 00 000000 0 00000 00,qal,perf,W B> >L MQDCW,,>L MQDCW,>L MQDC/,to his sanctuary,0,prep,topo,inanim,det,subs,complex,factive,>L,,,
217721,SWR[,MT,Isaiah,17,1,MWSR,MF> DMFQ HNH DMFQ MWSR M <JR W HJTH M<J MPLH,,hof,ptcp,HNH DMFQ MWSR M <JR,DMFQ,M <JR,MN <JR/,from a city,0,prep,topo,inanim,und,subs,simple,fictive,MN,,,
1900748,SWR[,1Qisaa,Isaiah,17,1,MWSR,MF> DRMFQ HNH DRMFQ MWSR M <JR W HJJT M<J MPLH,000 00000 000 00000 0000 0 000 0 0000 000 0000 00,hofal,ptca,HNH DRMFQ MWSR M <JR,DRMFQ,M <JR,MN <JR/,from a city,0,prep,topo,inanim,und,subs,simple,fictive,MN,,,
217935,NWS[,MT,Isaiah,17,13,NS,L>MJM K C>WN MJM RBJM JC>WN W G<R BW W NS M MRXQ W RDP K MY HRJM L PNJ RWX W K GLGL L PNJ SWPH,,qal,perf,W NS M MRXQ,,M MRXQ,MN MRXQ/,from a distant place,0,prep,topo,inanim,und,subs,simple,factive,MN,,,
1900970,NWS[,1Qisaa,Isaiah,17,13,NS,L>WMJM K C>WN MJM RBJM JC>WN W JG<R BW W NS M MRXQ W RDP K MY HRJM L PNJ RWX W K GLGL L PNJ SWPH,000000 0 0000 000 0000 000000 0 0000 000 0 00 0 0000 0 000 0 00 0000 0 000 000 0 0 0000 0 000 0000 00,qal,perf,W NS M MRXQ,,M MRXQ,MN MRXQ/,from a distant place,0,prep,topo,inanim,und,subs,simple,factive,MN,,,
217992,HLK[,MT,Isaiah,18,2,LKW,H CLX B JM YJRJM W B KLJ GM> <L PNJ MJM LKW ML>KJM QLJM >L GWJ MMCK W MWRV >L <M NWR> MN HW> W HL>H GWJ QW QW W MBWSH >CR BZ>W NHRJM >RYW,,qal,impv,LKW >L GWJ MMCK W MWRV,,>L GWJ MMCK W MWRV,>L GWJ/ MCK[ W MRV[,to a nation tall and smooth,0,prep,gens,anim,und,subs,complex,factive,>L,,,
1901031,HLK[,1Qisaa,Isaiah,18,2,LKW,H CWLX B JM YJRJM W B KLJ GM> <L PNJ MJM LKW ML>KJM QLJM L GWJ MMCK W MMWRV >L <M NWR> MN HW> W HL>H GWJ QWQW W MBWSH >CR BZ>J NHRJM >RYW,0 0000 0 00 00000 0 0 000 000 00 000 000 000 000000 0000 0 000 0000 0 00000 00 00 0000 00 000 0 0000 000 0000 0 00000 000 0000 00000 00000 00,qal,impv,LKW L GWJ MMCK W MMWRV,,L GWJ MMCK W MMWRV,L GWJ/ MCK[ W MRV[,to a nation tall and smooth,0,prep,gens,anim,und,subs,complex,factive,L,,,
218076,SWR[,MT,Isaiah,18,5,HSJR,KJ L PNJ QYJR K TM PRX W BSR GML JHJH NYH W KRT H ZLZLJM B MZMRWT W >T H NVJCWT HSJR HTZ,,hif,perf,W >T H NVJCWT HSJR,,no complement,no complement,,,,,,,,,,,,,
1901116,SWR[,1Qisaa,Isaiah,18,5,HSJR,KJ L PNJ QYJR K TM PRX W BSWR GMWL JHJH NYH W KRT H ZLZLJM B MZMRWT W >T H NVJCWT HSJR HTZ,00 0 000 0000 0 00 000 0 0000 0000 0000 000 0 000 0 000000 0 000000 0 00 0 000000 0000 000 00,hifil,perf,W >T H NVJCWT HSJR,,no complement,no complement,,,,,,,,,,,,,
218147,BW>[,MT,Isaiah,19,1,B>,MF> MYRJM HNH JHWH RKB <L <B QL W B> MYRJM W N<W >LJLJ MYRJM M PNJW W LBB MYRJM JMS B QRBW,,qal,perf,W B> MYRJM,,MYRJM,MYRJM/,to Egypt,0,vc,topo,inanim,det,nmpr,simple,factive,,,,
1901188,BW>[,1Qisaa,Isaiah,19,1,B>,MF> MYRJM HNH JHWH RWKB <L <B QL W B> MYRJM W N<W >LJLJ MYRJM M PNJW W LBB MYRJM JMS B QRBW,000 00000 000 0000 0000 00 00 00 0 00 00000 0 000 00000 00000 0 00000 0 000 00000 000 0 00000 00,qal,ptca,W B> MYRJM,,MYRJM,MYRJM/,to Egypt,0,vc,topo,inanim,det,nmpr,simple,factive,,,,
218338,T<H[,MT,Isaiah,19,13,HT<W,NW>LW FRJ Y<N NC>W FRJ NP HT<W >T MYRJM PNT CBVJH,,hif,perf,HT<W >T MYRJM PNT CBVJH,PNT CBVJH,no complement,no complement,,,,,,,,,,,,,
1901394,T<H[,1Qisaa,Isaiah,19,13,HT<W,N>WLW FRJ Y<N NFJ>J FRJ NP HT<W >T MYRJM PNT CBVJH,00000 000 000 00000 000 00 0000 00 00000 000 000000 00,hifil,perf,HT<W >T MYRJM PNT CBVJH,,no complement,no complement,,,,,,,,,,,,,
1919821,T<H[,1Q8,Isaiah,19,13,HT<W,NW>LW FRJ Y<N NC>W FRJ NP HT<W >T MYRJM PNT CBVJH,00000 000 000 0000 000 00 0000 00 00000 000 000000 00,hifil,perf,HT<W >T MYRJM PNT CBVJH,,no complement,no complement,,,,,,,,,,,,,
218350,T<H[,MT,Isaiah,19,14,HT<W,JHWH MSK B QRBH RWX <W<JM W HT<W >T MYRJM B KL M<FHW K HT<WT CKWR B QJ>W,,hif,perf,W HT<W >T MYRJM B KL M<FHW,,no complement,no complement,,,,,,,,,,,,,
218357,T<H[,MT,Isaiah,19,14,HT<WT,JHWH MSK B QRBH RWX <W<JM W HT<W >T MYRJM B KL M<FHW K HT<WT CKWR B QJ>W,,nif,infc,K HT<WT CKWR B QJ>W,CKWR,no complement,no complement,,,,,,,,,,,,,
1901407,T<H[,1Qisaa,Isaiah,19,14,HT<W,JHWH MSK B QRBH RWX <W<JJM W HT<W >T MYRJM B KWL M<FHW K HT<WT CKWR B QJ>W,0000 000 0 00000 000 000000 0 0000 00 00000 0 000 000000 0 00000 0000 0 00000 00,hifil,perf,W HT<W >T MYRJM B KWL M<FHW,,no complement,no complement,,,,,,,,,,,,,
1901414,T<H[,1Qisaa,Isaiah,19,14,HT<WT,JHWH MSK B QRBH RWX <W<JJM W HT<W >T MYRJM B KWL M<FHW K HT<WT CKWR B QJ>W,0000 000 0 00000 000 000000 0 0000 00 00000 0 000 000000 0 00000 0000 0 00000 00,nifal,infc,K HT<WT CKWR B QJ>W,,no complement,no complement,,,,,,,,,,,,,
1919834,T<H[,1Q8,Isaiah,19,14,HT<W,JHWH MSK B QRBH RWX <W<JM W HT<W >T MYRJM B KL M<FHW K HT<WT CKWR B QJ>W,0000 000 0 00000 000 00000 0 0000 00 00000 0 00 000000 0 00000 0000 0 00000 00,hifil,perf,W HT<W >T MYRJM B KL M<FHW,,no complement,no complement,,,,,,,,,,,,,
1919841,T<H[,1Q8,Isaiah,19,14,HT<WT,JHWH MSK B QRBH RWX <W<JM W HT<W >T MYRJM B KL M<FHW K HT<WT CKWR B QJ>W,0000 000 0 00000 000 00000 0 0000 00 00000 0 00 000000 0 00000 0000 0 00000 00,nifal,infc,K HT<WT CKWR B QJ>W,,no complement,no complement,,,,,,,,,,,,,
1901552,JRD[,1Qisaa,Isaiah,19,20,JRD,W HJJH L >WT W L <D L JHWH YB>WT B >RY MYRJM KJ JY<QW >L JHWH M PNJ LWXYJM W CLX LHM MWCJ< W JRD W HYJLM,0 0000 0 000 0 0 00 0 0000 00000 0 000 00000 00 00000 00 0000 0 000 000000 0 000 0000 00000 0 000 0 000000 00,qal,perf,W CLX LHM MWCJ< W JRD,,no complement,no complement,,0,,,,,,,,,,,
218530,CWB[,MT,Isaiah,19,22,CBW,W NGP JHWH >T MYRJM NGP W RPW> W CBW <D JHWH W N<TR LHM W RP>M,,qal,perf,W CBW <D JHWH,,<D JHWH,<D JHWH/,to Yahweh,0,prep,pers,anim,det,nmpr,simple,factive fictive,<D,,,
1901591,CWB[,1Qisaa,Isaiah,19,22,CBW,W NGP JHWH >T MYRJM NGP W NRPW W CBW <D JHWH W N<TR LHM W RP>M,0 000 0000 00 00000 000 0 0000 0 000 00 0000 0 0000 0000 0 00000 00,qal,perf,W CBW <D JHWH,,<D JHWH,<D JHWH/,to Yahweh,0,prep,pers,anim,det,nmpr,simple,factive fictive,<D,,,
1919975,CWB[,1Q8,Isaiah,19,22,CBW,W NGP JHWH >T MYRJM NGP W RPW> W CBW <D JHWH W N<TR LHM W RP>M,0 000 0000 00 00000 000 0 0000 0 000 00 0000 0 0000 0000 0 00000 00,qal,perf,W CBW <D JHWH,,<D JHWH,<D JHWH/,to Yahweh,0,prep,pers,anim,det,nmpr,simple,factive fictive,<D,,,
218549,BW>[,MT,Isaiah,19,23,B>,B JWM H HW> THJH MSLH M MYRJM >CWRH W B> >CWR B MYRJM W MYRJM B >CWR W <BDW MYRJM >T >CWR,,qal,perf,W B> >CWR B MYRJM,>CWR,B MYRJM,B MYRJM/,to Egypt,0,prep,topo,inanim,det,nmpr,simple,factive,B,,,
1901610,BW>[,1Qisaa,Isaiah,19,23,B>,B JWM H HW> THJH MSLH M MYRJM >CWRH W B> >CWR B MYRJM W MYRJM B >CWR W <BDW >T >CWR,0 000 0 000 0000 0000 0 00000 000000 0 00 0000 0 00000 0 00000 0 0000 0 0000 00 0000 00,qal,perf,W B> >CWR B MYRJM,>CWR,B MYRJM,B MYRJM/,to Egypt,0,prep,topo,inanim,det,nmpr,simple,factive,B,,,
1919994,BW>[,1Q8,Isaiah,19,23,B>,B JWM H HW> THJH MSLH M MYRJM >CWRH W B> >CWR B MYRJM W MYRJM B >CWR W <BDW MYRJM >T >CWR,0 000 0 000 0000 0000 0 00000 000000 0 00 0000 0 00000 0 00000 0 0000 0 0000 00000 00 0000 00,qal,perf,W B> >CWR B MYRJM,>CWR,B MYRJM,B MYRJM/,to Egypt,0,prep,topo,inanim,det,nmpr,simple,factive,B,,,
218598,BW>[,MT,Isaiah,20,1,B>,B CNT B> TRTN >CDWDH B CLX >TW SRGWN MLK >CWR W JLXM B >CDWD W JLKDH,,qal,infc,B> TRTN >CDWDH,TRTN,>CDWDH,>CDWD/,to Ashdod,1,dir_he,topo,inanim,det,nmpr,simple,factive,,,,
1901660,BW>[,1Qisaa,Isaiah,20,1,B>,B CNT B> TWRTN >CDWDH B CLX >WTW SRGWN MLK >CWR W JLXM B >CDWD W JLKWDH,0 000 00 00000 0000000 0 000 00000 00000 000 0000 0 0000 0 00000 0 0000000 00,qal,infc,B> TWRTN >CDWDH,TWRTN,>CDWDH,>CDWD/,to Ashdod,1,dir_he,topo,inanim,det,nmpr,simple,factive,,,,
1920045,BW>[,1Q8,Isaiah,20,1,B>,B CNT B> TRTN >CDWDH B CLX >TW SRGWN MLK >CWR W JLXM B >CDWD W JLKDH,0 000 00 0000 0000000 0 000 0000 00000 000 0000 0 0000 0 00000 0 000000 00,qal,infc,B> TWRTN >CDWDH,TWRTN,>CDWDH,>CDWD/,to Ashdod,1,dir_he,topo,inanim,det,nmpr,simple,factive,,,,
218627,HLK[,MT,Isaiah,20,2,LK,B <T H HJ> DBR JHWH B JD JC<JHW BN >MWY L >MR LK W PTXT H FQ M <L MTNJK W N<LK TXLY M <L RGLJK W J<F KN HLK <RWM W JXP,,qal,impv,LK,,no complement,no complement,,,,,,,,,,,,,
218644,HLK[,MT,Isaiah,20,2,HLK,B <T H HJ> DBR JHWH B JD JC<JHW BN >MWY L >MR LK W PTXT H FQ M <L MTNJK W N<LK TXLY M <L RGLJK W J<F KN HLK <RWM W JXP,,qal,infa,HLK <RWM W JXP,,no complement,no complement,,,,,,,,,,,,,
1901689,HLK[,1Qisaa,Isaiah,20,2,LK,B <T H HJ> DBR JHWH B JD JC<JH BN >MWY L >MWR LK W PTXT H FQ M <L MTNJK W N<LJK TXLJY M <L RGLJK W J<F KN HLWK <RWM W JXP,0 00 0 000 000 0000 0 00 00000 00 0000 0 0000 00 0 0000 0 00 0 00 000000 0 000000 00000 0 00 000000 0 000 00 0000 0000 0 000 00,qal,impv,LK,,no complement,no complement,,,,,,,,,,,,,
1901706,HLK[,1Qisaa,Isaiah,20,2,HLWK,B <T H HJ> DBR JHWH B JD JC<JH BN >MWY L >MWR LK W PTXT H FQ M <L MTNJK W N<LJK TXLJY M <L RGLJK W J<F KN HLWK <RWM W JXP,0 00 0 000 000 0000 0 00 00000 00 0000 0 0000 00 0 0000 0 00 0 00 000000 0 000000 00000 0 00 000000 0 000 00 0000 0000 0 000 00,qal,infa,HLWK <RWM W JXP,,no complement,no complement,,,,,,,,,,,,,
1920074,HLK[,1Q8,Isaiah,20,2,LK,B <T H HJ> DBR JHWH B JD JC<JHW BN >MWY L >MR LK W PTXT,0 00 0 000 000 0000 0 00 000000 00 0000 0 000 00 0 0000 00,qal,impv,LK,,no complement,no complement,,,,,,,,,,,,,
218653,HLK[,MT,Isaiah,20,3,HLK,W J>MR JHWH K >CR HLK <BDJ JC<JHW <RWM W JXP CLC CNJM >WT W MWPT <L MYRJM W <L KWC,,qal,perf,K >CR HLK <BDJ JC<JHW <RWM W JXP CLC CNJM >WT W MWPT <L MYRJM W <L KWC,<BDJ JC<JHW,no complement,no complement,,,,,,,,,,,,,
1901716,HLK[,1Qisaa,Isaiah,20,3,HLK,W JW>MR JHWH K >CR HLK <BDJ JC<JH <RWM W JXP CLWC CNJM >WT W MPT <L MYRJM W <L KWC,0 00000 0000 0 000 000 00000 00000 0000 0 000 0000 0000 000 0 000 00 00000 0 00 000 00,qal,perf,K >CR HLK <BDJ JC<JH <RWM W JXP CLWC CNJM >WT W MPT <L MYRJM W <L KWC,<BDJ JC<JH,no complement,no complement,,,,,,,,,,,,,
218718,NWS[,MT,Isaiah,20,6,NSNW,W >MR JCB H >J H ZH B JWM H HW> HNH KH MBVNW >CR NSNW CM L <ZRH L HNYL M PNJ MLK >CWR W >JK NMLV >NXNW,,qal,perf,>CR NSNW CM L <ZRH,,CM,CM,there,0,vc,adv,inanim,det,adv,simple,factive,,,,
218744,BW>[,MT,Isaiah,21,1,B>,MF> MDBR JM K SWPWT B NGB L XLP M MDBR B> M >RY NWR>H,,qal,perf,K SWPWT B NGB M MDBR B> M >RY NWR>H,,M MDBR M >RY NWR>H,MN MDBR/ MN >RY/ JR>[,"from the wilderness, from a dreadful land",0,prep + prep,topo,inanim,und,subs subs,complex,factive,MN,MN,,
218741,XLP[,MT,Isaiah,21,1,XLP,MF> MDBR JM K SWPWT B NGB L XLP M MDBR B> M >RY NWR>H,,qal,infc,L XLP,,no complement,no complement,,,,,,,,,,,,,
1901806,XLP[,1Qisaa,Isaiah,21,1,XLP,MF> DBR JM K SPWT B NGB L XLP M MDBR B> M >RY NWR>H RXWQH,000 000 00 0 0000 0 000 0 000 0 0000 00 0 000 00000 00000 00,qal,infc,L XLP,,no complement,no complement,,,,,,,,,,,,,
1901809,BW>[,1Qisaa,Isaiah,21,1,B>,MF> DBR JM K SPWT B NGB L XLP M MDBR B> M >RY NWR>H RXWQH,000 000 00 0 0000 0 000 0 000 0 0000 00 0 000 00000 00000 00,qal,ptca,K SPWT B NGB M MDBR B> M >RY NWR>H,,M MDBR M >RY NWR>H,MN MDBR/ MN >RY/ JR>[,"from the wilderness, from a dreadful land",0,prep + prep,topo,inanim,und,subs subs,complex,factive,MN,MN,,
218759,<LH[,MT,Isaiah,21,2,<LJ,XZWT QCH HGD LJ H BWGD BWGD W H CWDD CWDD <LJ <JLM YWRJ MDJ KL >NXTH HCBTJ,,qal,impv,<LJ,,no complement,no complement,,,,,,,,,,,,,
1901826,<LH[,1Qisaa,Isaiah,21,2,<LJ,XZWT QCH HJGD LJ H BWGD BWGD W H CWDD CWDD <LJ <JLM YJRJ MDJ KWL >NXTH HCBTJ,0000 000 0000 000 0 0000 0000 0 0 0000 0000 000 0000 0000 000 000 000000 00000 00,qal,impv,<LJ,,no complement,no complement,,,,,,,,,,,,,
218782,T<H[,MT,Isaiah,21,4,T<H,T<H LBBJ PLYWT B<TTNJ >T NCP XCQJ FM LJ L XRDH,,qal,perf,T<H LBBJ,LBBJ,no complement,no complement,,,,,,,,,,,,,
1901851,T<H[,1Qisaa,Isaiah,21,4,TW<H,TW<H W LBBJ PLYWT B<TTNJ >T NCP HCQJ FM LJ L XRDH,0000 0 00000 00000 0000000 00 000 00000 00 000 0 0000 00,qal,ptca,TW<H W LBBJ,,no complement,no complement,,,,,,,,,,,,,
218811,HLK[,MT,Isaiah,21,6,LK,KJ KH >MR >LJ >DNJ LK H<MD H MYPH >CR JR>H JGJD,,qal,impv,LK,,no complement,no complement,,,,,,,,,,,,,
1901883,HLK[,1Qisaa,Isaiah,21,6,LK,KJ KH >MR >LJ >DWNJ LK H<MD H MYPH >CR JR>H W JGJD,00 00 000 0000 00000 00 0000 0 0000 000 0000 0 0000 00,qal,impv,,,no complement,no complement,,,,,,,,,,,,,
218853,BW>[,MT,Isaiah,21,9,B>,W HNH ZH B> RKB >JC YMD PRCJM W J<N W J>MR NPLH NPLH BBL W KL PSJLJ >LHJH CBR L >RY,,qal,perf,W HNH ZH B> RKB >JC YMD PRCJM,ZH RKB >JC YMD PRCJM,no complement,no complement,,,,,,,,,,,,,
218862,NPL[,MT,Isaiah,21,9,NPLH,W HNH ZH B> RKB >JC YMD PRCJM W J<N W J>MR NPLH NPLH BBL W KL PSJLJ >LHJH CBR L >RY,,qal,perf,NPLH,,no complement,no complement,,,,,,,,,,,,,
218863,NPL[,MT,Isaiah,21,9,NPLH,W HNH ZH B> RKB >JC YMD PRCJM W J<N W J>MR NPLH NPLH BBL W KL PSJLJ >LHJH CBR L >RY,,qal,perf,NPLH BBL,BBL,no complement,no complement,,,,,,,,,,,,,
1901931,BW>[,1Qisaa,Isaiah,21,9,B>,W HNH ZH B> RWKB >JC YMD PRCJM W J<NJ W JW>MR NPLH NPLH BBL W KWL PSJLJ >LWHJH CBRW L >RY,0 000 00 00 0000 000 000 00000 0 0000 0 00000 0000 0000 000 0 000 00000 0000000 0000 0 000 00,qal,ptca,W HNH ZH B> RWKB >JC YMD PRCJM,ZH RWKB >JC YMD PRCJM,no complement,no complement,,,,,,,,,,,,,
1901940,NPL[,1Qisaa,Isaiah,21,9,NPLH,W HNH ZH B> RWKB >JC YMD PRCJM W J<NJ W JW>MR NPLH NPLH BBL W KWL PSJLJ >LWHJH CBRW L >RY,0 000 00 00 0000 000 000 00000 0 0000 0 00000 0000 0000 000 0 000 00000 0000000 0000 0 000 00,qal,perf,NPLH ,,no complement,no complement,,,,,,,,,,,,,
1901941,NPL[,1Qisaa,Isaiah,21,9,NPLH,W HNH ZH B> RWKB >JC YMD PRCJM W J<NJ W JW>MR NPLH NPLH BBL W KWL PSJLJ >LWHJH CBRW L >RY,0 000 00 00 0000 000 000 00000 0 0000 0 00000 0000 0000 000 0 000 00000 0000000 0000 0 000 00,qal,perf,NPLH BBL,BBL,no complement,no complement,,,,,,,,,,,,,
218903,>TH[,MT,Isaiah,21,12,>TH,>MR CMR >TH BQR W GM LJLH >M TB<JWN B<JW CBW >TJW,,qal,perf,>TH BQR,BQR,no complement,no complement,,,,,,,,,,,,,
218911,CWB[,MT,Isaiah,21,12,CBW,>MR CMR >TH BQR W GM LJLH >M TB<JWN B<JW CBW >TJW,,qal,impv,CBW,,no complement,no complement,,,,,,,,,,,,,
218912,>TH[,MT,Isaiah,21,12,>TJW,>MR CMR >TH BQR W GM LJLH >M TB<JWN B<JW CBW >TJW,,qal,impv,>TJW,,no complement,no complement,,,,,,,,,,,,,
1901983,>TH[,1Qisaa,Isaiah,21,12,>TH,>MR CWMR >TH BWQR W GM LJLH >M TB<WN B<W CWBW >TJW,000 0000 000 0000 0 00 0000 00 000000 000 0000 0000 00,qal,perf,>TH BWQR,BWQR,no complement,no complement,,,,,,,,,,,,,
1901992,>TH[,1Qisaa,Isaiah,21,12,>TJW,>MR CWMR >TH BWQR W GM LJLH >M TB<WN B<W CWBW >TJW,000 0000 000 0000 0 00 0000 00 000000 000 0000 0000 00,qal,impv,>TJW,,no complement,no complement,,,,,,,,,,,,,
1901991,CWB[,1Qisaa,Isaiah,21,12,CWBW,>MR CWMR >TH BWQR W GM LJLH >M TB<WN B<W CWBW >TJW,000 0000 000 0000 0 00 0000 00 000000 000 0000 0000 00,qal,impv,CWBW,,no complement,no complement,,,,,,,,,,,,,
218927,>TH[,MT,Isaiah,21,14,HTJW,L QR>T YM> HTJW MJM JCBJ >RY TJM> B LXMW QDMW NDD,,hif,impv,HTJW MJM,,no complement,no complement,,,,,,,,,,,,,
1902008,>TH[,1Qisaa,Isaiah,21,14,H>TJW,L QR>T YM> H>TJW MJM JWCBJ >RY TJM> B LXM QDMW NWDD,0 0000 000 00000 000 00000 000 0000 0 000 0000 0000 00,hifil,impv,H>TJW MJM,,no complement,no complement,,,,,,,,,,,,,
218991,<LH[,MT,Isaiah,22,1,<LJT,MF> GJ> XZJWN MH LK >PW> KJ <LJT KLK L GGWT,,qal,perf,KJ <LJT KLK L GGWT,KLK,L GGWT,L H GG/,to the rooftops,0,prep,obj,inanim,det,subs,simple,factive,L,,,
1902075,<LH[,1Qisaa,Isaiah,22,1,<LJTJ,MF> GJ XZWWN M LKJ >PW> KJ <LJTJ KWLK L GGWT,000 00 00000 0 0000 0000 00 00000 00000 0 0000 00,qal,perf,KJ <LJTJ KWLK L GGWT,KWLK,L GGWT,L H GG/,to the rooftops,0,prep,obj,inanim,det,subs,simple,factive,L,,,
219023,BRX[,MT,Isaiah,22,3,BRXW,KL QYJNJK NDDW JXD M QCT >SRW KL NMY>JK >SRW JXDW M RXWQ BRXW,,qal,perf,M RXWQ BRXW,,no complement,no complement,,,,,,,,,,,,,
1902108,BRX[,1Qisaa,Isaiah,22,3,BRXW,KWL QYJNJK NDDW JXD M QCT >SWRH KWL NMY>JK >SRW JXDW M RXWQ BRXW,000 0000000 0000 000 0 000 00000 000 0000000 0000 0000 0 0000 0000 00,qal,perf,M RXWQ BRXW,,no complement,no complement,,,,,,,,,,,,,
219088,GLH[,MT,Isaiah,22,8,JGL,W JGL >T MSK JHWDH W TBV B JWM H HW> >L NCQ BJT H J<R,,piel,wayq,W JGL >T MSK JHWDH,,no complement,no complement,,,,,,,,,,,,,
1902177,GLH[,1Qisaa,Isaiah,22,8,JGL,W JGL >T MSK JHWDH W TBV B JWM H HW> >L NCQ BJT H J<R,0 000 00 000 00000 0 000 0 000 0 000 00 000 000 0 000 00,piel,wayy,W JGL >T MSK JHWDH,,no complement,no complement,,,,,,,,,,,,,
219200,GLH[,MT,Isaiah,22,14,NGLH,W NGLH B >ZNJ JHWH YB>WT >M JKPR H <WN H ZH LKM <D TMTWN >MR >DNJ JHWH YB>WT,,nif,perf,W NGLH B >ZNJ JHWH YB>WT,JHWH YB>WT,no complement,no complement,,,,,,,,,,,,,
1902293,GLH[,1Qisaa,Isaiah,22,14,NGLH,W NGLH B >WZNJ JHWH YB>WT >M JKPR LKM H <WWN H ZH LKMH <D TMWTWN >MR >DWNJ JHWH YB>WT,0 0000 0 000000 0000 00000 00 0000 0000 0 0000 0 00 00000 00 0000000 000 00000 0000 00000 00,nifal,perf,W NGLH B >WZNJ JHWH YB>WT,JHWH YB>WT,no complement,no complement,,,,,,,,,,,,,
1920166,GLH[,1Q8,Isaiah,22,14,NGLH,W NGLH B >ZNJ JHWH YB>WT >M JKPR H <WN H ZH LKM <D TMTWN >MR >DNJ JHWH YB>WT,0 0000 0 00000 0000 00000 00 0000 0 000 0 00 0000 00 000000 000 0000 0000 00000 00,nifal,perf,W NGLH B >ZNJ JHWH YB>WT,JHWH YB>WT,no complement,no complement,,,,,,,,,,,,,
219224,BW>[,MT,Isaiah,22,15,B>,KH >MR >DNJ JHWH YB>WT LK B> >L H SKN H ZH <L CBN> >CR <L H BJT,,qal,impv,B> >L H SKN H ZH <L CBN>,,>L H SKN H ZH <L CBN>,>L H SKN[ H ZH <L CBN>/,"to this steward, to Shebna",0,prep + prep,pers,anim,det,subs nmpr,complex,factive,>L,<L,,
219223,HLK[,MT,Isaiah,22,15,LK,KH >MR >DNJ JHWH YB>WT LK B> >L H SKN H ZH <L CBN> >CR <L H BJT,,qal,impv,LK,,no complement,no complement,,,,,,,,,,,,,
1902318,HLK[,1Qisaa,Isaiah,22,15,LK,KH >MR >DWNJ JHWH YB>WT LK BW> >L H SWKN H ZH >L CBN> >CR <L H BJT,00 000 00000 0000 00000 00 000 00 0 0000 0 00 00 0000 000 00 0 000 00,qal,impv,LK,,no complement,no complement,,,,,,,,,,,,,
1902319,BW>[,1Qisaa,Isaiah,22,15,BW>,KH >MR >DWNJ JHWH YB>WT LK BW> >L H SWKN H ZH >L CBN> >CR <L H BJT,00 000 00000 0000 00000 00 000 00 0 0000 0 00 00 0000 000 00 0 000 00,qal,impv,BW> >L H SWKN H ZH >L CBN,,>L H SWKN H ZH >L CBN,>L H SKN[ H ZH <L CBN>/,"to this steward, to Shebna",0,prep + prep,pers,anim,det,subs nmpr,complex,factive,>L,<L,,
1920190,HLK[,1Q8,Isaiah,22,15,LK,KH >MR >DNJ JHWH YB>WT LK BW> >L H SKN H ZH <L CBN> >CR <L H BJT,00 000 0000 0000 00000 00 000 00 0 000 0 00 00 0000 000 00 0 000 00,qal,impv,LK,,no complement,no complement,,,,,,,,,,,,,
1920191,BW>[,1Q8,Isaiah,22,15,BW>,KH >MR >DNJ JHWH YB>WT LK BW> >L H SKN H ZH <L CBN> >CR <L H BJT,00 000 0000 0000 00000 00 000 00 0 000 0 00 00 0000 000 00 0 000 00,qal,impv,BW> >L H SKN H ZH <L CBN>,,>L H SKN H ZH <L CBN>,>L H SKN[ H ZH <L CBN>/,"to this steward, to Shebna",0,prep + prep,pers,anim,det,subs nmpr,complex,factive,>L,<L,,
219394,MWC[,MT,Isaiah,22,25,TMWC,B JWM H HW> N>M JHWH YB>WT TMWC H JTD H TQW<H B MQWM N>MN W NGD<H W NPLH W NKRT H MF> >CR <LJH KJ JHWH DBR,,qal,impf,B JWM H HW> TMWC H JTD,H JTD,no complement,no complement,,,,,,,,,,,,,
219405,NPL[,MT,Isaiah,22,25,NPLH,B JWM H HW> N>M JHWH YB>WT TMWC H JTD H TQW<H B MQWM N>MN W NGD<H W NPLH W NKRT H MF> >CR <LJH KJ JHWH DBR,,qal,perf,W NPLH,,no complement,no complement,,,,,,,,,,,,,
1902495,MWC[,1Qisaa,Isaiah,22,25,TMWC,B JWM H HW> NW>M JHWH YB>WT TMWC H JTD H TQW<H B MQWM N>MN W NGD<H W NPLH W NKRT H MF> >CR <LJH KJ JHWH DBR,0 000 0 000 0000 0000 00000 0000 0 000 0 00000 0 0000 0000 0 00000 0 0000 0 0000 0 000 000 00000 00 0000 000 00,qal,impf,B JWM H HW> TMWC H JTD,H JTD,no complement,no complement,,,,,,,,,,,,,
1902506,NPL[,1Qisaa,Isaiah,22,25,NPLH,B JWM H HW> NW>M JHWH YB>WT TMWC H JTD H TQW<H B MQWM N>MN W NGD<H W NPLH W NKRT H MF> >CR <LJH KJ JHWH DBR,0 000 0 000 0000 0000 00000 0000 0 000 0 00000 0 0000 0000 0 00000 0 0000 0 0000 0 000 000 00000 00 0000 000 00,qal,perf,W NPLH,,no complement,no complement,,,,,,,,,,,,,
1920309,MWC[,1Q8,Isaiah,22,25,TMWC,B JWM H HW> N>M JHWH YB>WT TMWC H JTD H TQW<H B MQWM N>MN W NGD<H W NPLH W NKRT H MF> >CR <LJH KJ JHWH DBR,0 000 0 000 000 0000 00000 0000 0 000 0 00000 0 0000 0000 0 00000 0 0000 0 0000 0 000 000 00000 00 0000 000 00,qal,impf,B JWM H HW> TMWC H JTD,H JTD,no complement,no complement,,,,,,,,,,,,,
1920320,NPL[,1Q8,Isaiah,22,25,NPLH,B JWM H HW> N>M JHWH YB>WT TMWC H JTD H TQW<H B MQWM N>MN W NGD<H W NPLH W NKRT H MF> >CR <LJH KJ JHWH DBR,0 000 0 000 000 0000 00000 0000 0 000 0 00000 0 0000 0000 0 00000 0 0000 0 0000 0 000 000 00000 00 0000 000 00,qal,perf,W NPLH,,no complement,no complement,,,,,,,,,,,,,
219425,BW>[,MT,Isaiah,23,1,BW>,MF> YR HJLJLW >NJWT TRCJC KJ CDD M BJT M BW> M >RY KTJM NGLH LMW,,qal,infc,M BW> M >RY KTJM,,M >RY KTJM,MN >RY/ KTJ/,from the land of Cyprus,0,prep,topo,inanim,und,subs,complex,factive,MN,,,
219429,GLH[,MT,Isaiah,23,1,NGLH,MF> YR HJLJLW >NJWT TRCJC KJ CDD M BJT M BW> M >RY KTJM NGLH LMW,,nif,perf,NGLH LMW,,LMW,L,to them,0,prep,prps,anim inanim,det,prsf,simple,factive fictive,L,,,
1902527,BW>[,1Qisaa,Isaiah,23,1,BW>,MF> YR >JLJLW >NJWT TRCJC KJ CWDD M BJT M BW> M >RY KTJJM NGLH LMW,000 00 000000 00000 00000 00 0000 0 000 0 000 0 000 00000 0000 0000 00,qal,infc,M BW> M >RY KTJJM,,M >RY KTJJM,MN >RY/ KTJ/,from the land of Cyprus,0,prep,topo,inanim,und,subs,complex,factive,MN,,,
1902531,GLH[,1Qisaa,Isaiah,23,1,NGLH,MF> YR >JLJLW >NJWT TRCJC KJ CWDD M BJT M BW> M >RY KTJJM NGLH LMW,000 00 000000 00000 00000 00 0000 0 000 0 000 0 000 00000 0000 0000 00,nifal,perf,NGLH LMW,,LMW,L,to them,0,prep,prps,anim inanim,det,prsf,simple,factive fictive,L,,,
1920341,BW>[,1Q8,Isaiah,23,1,BW>,MF> YR HJLJLW >NJWT TRCJC KJ CDD M BJT M BW> M >RY KTJM NGLH LMW,000 00 000000 00000 00000 00 000 0 000 0 000 0 000 0000 0000 0000 00,qal,infc,M BW> M >RY KTJJM,,M >RY KTJJM,MN >RY/ KTJ/,from the land of Cyprus,0,prep,topo,inanim,und,subs,complex,factive,MN,,,
1920345,GLH[,1Q8,Isaiah,23,1,NGLH,MF> YR HJLJLW >NJWT TRCJC KJ CDD M BJT M BW> M >RY KTJM NGLH LMW,000 00 000000 00000 00000 00 000 0 000 0 000 0 000 0000 0000 0000 00,nifal,perf,NGLH LMW,,LMW,L,to them,0,prep,prps,anim inanim,det,prsf,simple,factive fictive,L,,,
219436,<BR[,MT,Isaiah,23,2,<BR,DMW JCBJ >J SXR YJDWN <BR JM ML>WK,,qal,ptca,<BR JM,,no complement,no complement,,,,,,,,,,,,,
1902539,<BR[,1Qisaa,Isaiah,23,2,<BRW,DMW JWCBJ >J SXR YJDWN <BRW JM ML>KJK,000 00000 00 000 00000 0000 00 0000000 00,qal,perf,<BRW JM,,no complement,no complement,,,,,,,,,,,,,
219482,<BR[,MT,Isaiah,23,6,<BRW,<BRW TRCJCH HJLJLW JCBJ >J,,qal,impv,<BRW TRCJCH,,TRCJCH,TRCJC=/,to Tarshish,1,dir_he,topo,inanim,det,nmpr,simple,factive,,,,
1902589,<BR[,1Qisaa,Isaiah,23,6,<WBRJ,<WBRJ TLRCJCH HJLJLW JWCBJ >J,00000 00000000 000000 00000 00 00,qal,impv,<WBRJ TLRCJCH,,TLRCJCH,TRCJC=/,to Tarshish,1,dir_he,topo,inanim,det,nmpr,simple,factive,,,,
219527,<BR[,MT,Isaiah,23,10,<BRJ,<BRJ >RYK K J>R BT TRCJC >JN MZX <WD,,qal,impv,<BRJ >RYK K J>R,,>RYK,>RY/,to your land,0,vc,topo,inanim,det,subs,complex,factive,,,,
219565,<BR[,MT,Isaiah,23,12,<BRJ,W J>MR L> TWSJPJ <WD L <LWZ H M<CQH BTWLT BT YJDWN KTJJM QWMJ <BRJ GM CM L> JNWX LK,,qal,impv,KTJJM <BRJ,,KTJJM,KTJ/,to Cyprus,0,vc,topo,inanim,und,nmpr,simple,factive,,,,
219569,NWX[,MT,Isaiah,23,12,JNWX,W J>MR L> TWSJPJ <WD L <LWZ H M<CQH BTWLT BT YJDWN KTJJM QWMJ <BRJ GM CM L> JNWX LK,,qal,impf,GM CM L> JNWX LK,,no complement,no complement,,,,,,,,,,,,,
1902679,<BR[,1Qisaa,Isaiah,23,12,<BRJ,W JW>MR LW> TWSJPJ <WD L <LWZ M<CQH BTWLT BT YJDWN KTJJM QWMJ <BRJ GM CM LW> JNWX LK,0 00000 000 000000 000 0 0000 00000 00000 00 00000 00000 0000 0000 00 00 000 0000 000 00,qal,impv,KTJJM <BRJ,,KTJJM,KTJ/,to Cyprus,0,vc,topo,inanim,und,nmpr,simple,factive,,,,
1902683,NWX[,1Qisaa,Isaiah,23,12,JNWX,W JW>MR LW> TWSJPJ <WD L <LWZ M<CQH BTWLT BT YJDWN KTJJM QWMJ <BRJ GM CM LW> JNWX LK,0 00000 000 000000 000 0 0000 00000 00000 00 00000 00000 0000 0000 00 00 000 0000 000 00,qal,impf,GM CM LW> JNWX LK,,no complement,no complement,,,,,,,,,,,,,
219625,SBB[,MT,Isaiah,23,16,SBJ,QXJ KNWR SBJ <JR ZWNH NCKXH HJVJBJ NGN HRBJ CJR LM<N TZKRJ,,qal,impv,SBJ <JR,,no complement,no complement,,,,,,,,,,,,,
1902727,SBB[,1Qisaa,Isaiah,23,16,SBJ,QXJ KNWR SBJ <JR ZWNH NCKXH HJVJBJ NGN HRBJ CJR LM<N TZKRJ,000 0000 000 000 0000 00000 000000 000 0000 000 0000 00000 00,qal,impv,SBJ <JR,,no complement,no complement,,,,,,,,,,,,,
219646,CWB[,MT,Isaiah,23,17,CBH,W HJH M QY CB<JM CNH JPQD JHWH >T YR W CBH L >TNNH W ZNTH >T KL MMLKWT H >RY <L PNJ H >DMH,,qal,perf,W CBH L >TNNH,,L >TNNH,L >TNN/,to her wages,0,prep,occ,inanim,det,subs,complex,fictive,L,,,
1902749,CWB[,1Qisaa,Isaiah,23,17,CBH,W HJH M QY CB<JN CNH JPQWD JHWH >T YR W CBH L >TNNH W ZNTH >T MMLKWT H >RY <L PNJ H >DMH,0 000 0 00 00000 000 00000 0000 00 00 0 000 0 000000 0 0000 00 000000 0 000 00 000 0 0000 00,qal,perf,W CBH L >TNNH,,L >TNNH,L >TNN/,to her wages,0,prep,occ,inanim,det,subs,complex,fictive,L,,,
219775,<BR[,MT,Isaiah,24,5,<BRW,W H >RY XNPH TXT JCBJH KJ <BRW TWRT XLPW XQ HPRW BRJT <WLM,,qal,perf,KJ <BRW TWRT,,no complement,no complement,,,,,,,,,,,,,
219777,XLP[,MT,Isaiah,24,5,XLPW,W H >RY XNPH TXT JCBJH KJ <BRW TWRT XLPW XQ HPRW BRJT <WLM,,qal,perf,XLPW XQ,,no complement,no complement,,,,,,,,,,,,,
1902872,<BR[,1Qisaa,Isaiah,24,5,<BRW,W H >RY XNPH TXT JWCBJH KJ <BRW TWRWT XLPW XWQ HPJRW BRJT <WLM,0 0 000 0000 000 0000000 00 0000 00000 0000 000 00000 0000 0000 00,qal,perf,KJ <BRW TWRWT,,no complement,no complement,,,,,,,,,,,,,
1902874,XLP[,1Qisaa,Isaiah,24,5,XLPW,W H >RY XNPH TXT JWCBJH KJ <BRW TWRWT XLPW XWQ HPJRW BRJT <WLM,0 0 000 0000 000 0000000 00 0000 00000 0000 000 00000 0000 0000 00,qal,perf,XLPW XWQ,,no complement,no complement,,,,,,,,,,,,,
219834,BW>[,MT,Isaiah,24,10,BW>,NCBRH QRJT THW SGR KL BJT M BW>,,qal,infc,M BW>,,no complement,no complement,,,,,,,,,,,,,
1902935,BW>[,1Qisaa,Isaiah,24,10,BW>,NCBRH QRJT THW SGR KWL BJT M BW>,00000 0000 000 000 000 000 0 000 00,qal,infc,M BW>,,no complement,no complement,,,,,,,,,,,,,
219845,GLH[,MT,Isaiah,24,11,GLH,YWXH <L H JJN B XWYWT <RBH KL FMXH GLH MFWF H >RY,,qal,perf,GLH MFWF H >RY,MFWF H >RY,no complement,no complement,,,,,,,,,,,,,
1902946,GLH[,1Qisaa,Isaiah,24,11,GLH,YWXH <L H JJN B XWYWT <RBH KWL FMXH GLH MFWF H >RY,0000 00 0 000 0 00000 0000 000 0000 000 0000 0 000 00,qal,perf,GLH MFWF H >RY,MFWF H >RY,no complement,no complement,,0,,,,,,,,,,,
219938,NWS[,MT,Isaiah,24,18,NS,W HJH H NS M QWL H PXD JPL >L H PXT W H <WLH M TWK H PXT JLKD B PX KJ >RBWT M MRWM NPTXW W JR<CW MWSDJ >RY,,qal,ptca,H NS M QWL H PXD,,M QWL H PXD,MN QWL/ H PXD/,from the sound of terror,0,prep,phen,inanim,det,subs subs,complex,factive,MN,,,
219943,NPL[,MT,Isaiah,24,18,JPL,W HJH H NS M QWL H PXD JPL >L H PXT W H <WLH M TWK H PXT JLKD B PX KJ >RBWT M MRWM NPTXW W JR<CW MWSDJ >RY,,qal,impf,JPL >L H PXT,,>L H PXT,>L H PXT/,into the pit,0,prep,topo,inanim,det,subs,simple,factive,>L,,,
219949,<LH[,MT,Isaiah,24,18,<WLH,W HJH H NS M QWL H PXD JPL >L H PXT W H <WLH M TWK H PXT JLKD B PX KJ >RBWT M MRWM NPTXW W JR<CW MWSDJ >RY,,qal,ptca,H <WLH M TWK H PXT,,M TWK H PXT,MN TWK/ H PXT/,from the midst of the pit,0,prep,topo,inanim,det,subs subs,complex,factive,MN,,,
1903044,NWS[,1Qisaa,Isaiah,24,18,NS,W HJH H NS M QWL H PXD JPWL >L H PXT W H <WLH M TWK H PXT JLKD B PX KJ >RBWT M MRWM NPTXW W JR<CW MWSDJ >RY,0 000 0 00 0 000 0 000 0000 00 0 000 0 0 0000 0 000 0 000 0000 0 00 00 00000 0 0000 00000 0 00000 00000 000 00,qal,ptca,H NS M QWL H PXD,,M QWL H PXD,MN QWL/ H PXD/,from the sound of terror,0,prep,phen,inanim,det,subs subs,complex,factive,MN,,,
1903049,NPL[,1Qisaa,Isaiah,24,18,JPWL,W HJH H NS M QWL H PXD JPWL >L H PXT W H <WLH M TWK H PXT JLKD B PX KJ >RBWT M MRWM NPTXW W JR<CW MWSDJ >RY,0 000 0 00 0 000 0 000 0000 00 0 000 0 0 0000 0 000 0 000 0000 0 00 00 00000 0 0000 00000 0 00000 00000 000 00,qal,impf,JPWL >L H PXT,,>L H PXT,>L H PXT/,into the pit,0,prep,topo,inanim,det,,,,>L,,,
1903055,<LH[,1Qisaa,Isaiah,24,18,<WLH,W HJH H NS M QWL H PXD JPWL >L H PXT W H <WLH M TWK H PXT JLKD B PX KJ >RBWT M MRWM NPTXW W JR<CW MWSDJ >RY,0 000 0 00 0 000 0 000 0000 00 0 000 0 0 0000 0 000 0 000 0000 0 00 00 00000 0 0000 00000 0 00000 00000 000 00,qal,ptca,H <WLH M TWK H PXT,,M TWK H PXT,no complement,,0,,,,,,,,MN,,,
1920401,NWS[,1Q8,Isaiah,24,18,NS,H NS M QWL H PXD JPL >L H PXT W H <WLH M TWK H PXT JLKD B PX KJ >RBWT M MRWM NPTXW W JR<CW MWSDJ >RY,0 00 0 000 0 000 000 00 0 000 0 0 0000 0 000 0 000 0000 0 00 00 00000 0 0000 00000 0 00000 00000 000 00,qal,ptca,H NS M QWL H PXD,,M QWL H PXD,no complement,,0,,,,,,,,MN,,,
1920406,NPL[,1Q8,Isaiah,24,18,JPL,H NS M QWL H PXD JPL >L H PXT W H <WLH M TWK H PXT JLKD B PX KJ >RBWT M MRWM NPTXW W JR<CW MWSDJ >RY,0 00 0 000 0 000 000 00 0 000 0 0 0000 0 000 0 000 0000 0 00 00 00000 0 0000 00000 0 00000 00000 000 00,qal,impf,JPL >L H PXT,,>L H PXT,no complement,,0,,,,,,,,>L,,,
1920412,<LH[,1Q8,Isaiah,24,18,<WLH,H NS M QWL H PXD JPL >L H PXT W H <WLH M TWK H PXT JLKD B PX KJ >RBWT M MRWM NPTXW W JR<CW MWSDJ >RY,0 00 0 000 0 000 000 00 0 000 0 0 0000 0 000 0 000 0000 0 00 00 00000 0 0000 00000 0 00000 00000 000 00,qal,ptca,H <WLH M TWK H PXT,,M TWK H PXT,no complement,,0,,,,,,,,MN,,,
219993,NPL[,MT,Isaiah,24,20,NPLH,NW< TNW< >RY K CKWR W HTNWDDH K MLWNH W KBD <LJH PC<H W NPLH W L> TSJP QWM,,qal,perf,W NPLH,,no complement,no complement,,,,,,,,,,,,,
1903100,NPL[,1Qisaa,Isaiah,24,20,NPL,NW< TNW< H >RY K CKWR W HTNWDD> W K MLWNH W KBD <LJH PC<H W NPL W LW> TWSJP QWM,000 0000 0 000 0 0000 0 0000000 0 0 00000 0 000 00000 00000 0 000 0 000 00000 000 00,qal,perf,,,no complement,no complement,,,,,,,,,,,,,
1920454,NPL[,1Q8,Isaiah,24,20,NPLH,NW< TNW< >RY K CKWR W HTNWD> K MLWNH W KBD <LJH PC<H W NPLH W L> TSJP QWM,000 0000 000 0 0000 0 000000 0 00000 0 000 00000 00000 0 0000 0 00 0000 000 00,qal,perf,,,no complement,no complement,,,,,,,,,,,,,
220204,SWR[,MT,Isaiah,25,8,JSJR,BL< H MWT L NYX W MXH >DNJ JHWH DM<H M <L KL PNJM W XRPT <MW JSJR M <L KL H >RY KJ JHWH DBR,,hif,impf,W XRPT <MW JSJR M <L KL H >RY,,M <L KL H >RY,MN <L KL/ H >RY/,,0,prep + prep,,,det,subs subs,,,MN,<L,,
1903313,SWR[,1Qisaa,Isaiah,25,8,JSJR,BL< H MWT L NYX W MXH >DWNJ JHWH DM<H M <L KWL PNJM W XRPT <MW JSJR M <L KWL H >RY KJ JHWH DBR,000 0 000 0 000 0 000 00000 0000 0000 0 00 000 0000 0 0000 0000 0000 0 00 000 0 000 00 0000 000 00,hifil,impf,W XRPT <MW JSJR M <L KWL H >RY,,M <L KWL H >RY,MN <L KL/ H >RY/,,0,prep + prep,,,det,subs subs,,,MN,<L,,
1920668,SWR[,1Q8,Isaiah,25,8,JSJR,BL< H MWT L NYX W MXH >DNJ JHWH DM<H M <L KL PNJM W XRPT <MW JSJR M <L KL H >RY KJ JHWH DBR,000 0 000 0 000 0 000 0000 0000 0000 0 00 00 0000 0 0000 0000 0000 0 00 00 0 000 00 0000 000 00,hifil,impf,W XRPT <MW JSJR M <L KWL H >RY,,M <L KWL H >RY,MN <L KL/ H >RY/,,0,prep + prep,,,det,subs subs,,,MN,<L,,
220237,NWX[,MT,Isaiah,25,10,TNWX,KJ TNWX JD JHWH B HR H ZH W NDWC MW>B TXTJW K HDWC MTBN BMJ MDMNH,,qal,impf,KJ TNWX JD JHWH B HR H ZH,JD JHWH,B HR H ZH,B H HR/ H ZH,,0,prep,,,det,subs,,,B,,,
1903348,NWX[,1Qisaa,Isaiah,25,10,TNWX,KJ TNWX JD JHWH B HR H ZH W NDC MW>B TXTJW K XDWC MTBN B MJ MDMNH,00 0000 00 0000 0 00 0 00 0 000 0000 000000 0 0000 0000 0 00 00000 00,qal,impf,KJ TNWX JD JHWH B HR H ZH,JD JHWH,B HR H ZH,no complement,,0,,,,,,,,B,,,
220308,BW>[,MT,Isaiah,26,2,JB>,PTXW C<RJM W JB> GWJ YDJQ CMR >MNJM,,qal,impf,W JB> GWJ YDJQ,GWJ YDJQ,no complement,no complement,,,,,,,,,,,,,
1903421,BW>[,1Qisaa,Isaiah,26,2,JBW>,PTXW C<RJK W JBW> GWJ YDJQ CWMR >MWNJM,0000 000000 0 0000 000 0000 0000 000000 00,qal,impf,W JBW> GWJ YDJQ,GWJ YDJQ,no complement,no complement,,,,,,,,,,,,,
1920709,BW>[,1Q8,Isaiah,26,2,JB>W,PTXW C<RJM W JB>W GWJ YDJQ CMR >MNJM,0000 00000 0 0000 000 0000 000 00000 00,qal,impf,W JB>W GWJ YDJQ,GWJ YDJQ,no complement,no complement,,,,,,,,,,,,,
220481,QRB[,MT,Isaiah,26,17,TQRJB,KMW HRH TQRJB L LDT TXJL TZ<Q B XBLJH KN HJJNW M PNJK JHWH,,hif,impf,KMW HRH TQRJB,HRH,no complement,no complement,,,,,,,,,,,,,
1903604,QRB[,1Qisaa,Isaiah,26,17,TQRJB,KMW HRH TQRJB L LDT TXJL TZ<Q B XBLJH KN HJJNW M PNJK JHWH,000 000 00000 0 000 0000 0000 0 000000 00 00000 0 00000 0000 00,hifil,impf,KMW HRH TQRJB,HRH,no complement,no complement,,,,,,,,,,,,,
220504,NPL[,MT,Isaiah,26,18,JPLW,HRJNW XLNW KMW JLDNW RWX JCW<T BL N<FH >RY W BL JPLW JCBJ TBL,,qal,impf,W BL JPLW JCBJ TBL,JCBJ TBL,no complement,no complement,,,,,,,,,,,,,
1903628,NPL[,1Qisaa,Isaiah,26,18,JPWLW,HRJNW XLNW KMW JLDNW RWX JCW<TK BL N<FH >RY W BL JPWLW JWCBJ TBL,00000 0000 000 00000 000 0000000 00 0000 000 0 00 00000 00000 000 00,qal,impf,W BL JPWLW JWCBJ TBL,JWCBJ TBL,no complement,no complement,,,,,,,,,,,,,
220523,NPL[,MT,Isaiah,26,19,TPJL,JXJW MTJK NBLTJ JQWMWN HQJYW W RNNW CKNJ <PR KJ VL >WRT VLK W >RY RP>JM TPJL,,hif,impf,W >RY RP>JM TPJL,>RY,no complement,no complement,,,,,,,,,,,,,
1903648,NPL[,1Qisaa,Isaiah,26,19,TPJL,JXJW MJTJK NBLTJ JQWMWN JQJYW W JRNNW CWKNJ <PR KJ VL >WRWT VLK W >RY RP>JM TPJL,0000 000000 000000 0000000 00000 0 00000 00000 000 00 00 00000 0000 0 000 00000 0000 00,hifil,impf,W >RY RP>JM TPJL,>RY,no complement,no complement,,,,,,,,,,,,,
220526,BW>[,MT,Isaiah,26,20,B>,LK <MJ B> B XDRJK W SGR DLTJK B<DK XBJ K M<V RG< <D J<BWR Z<M,,qal,impv,B> B XDRJK,,B XDRJK,B XDR/,,0,prep,,,det,subs,,,B,,,
220524,HLK[,MT,Isaiah,26,20,LK,LK <MJ B> B XDRJK W SGR DLTJK B<DK XBJ K M<V RG< <D J<BWR Z<M,,qal,impv,LK,,no complement,no complement,,,,,,,,,,,,,
220538,<BR[,MT,Isaiah,26,20,J<BWR,LK <MJ B> B XDRJK W SGR DLTJK B<DK XBJ K M<V RG< <D J<BWR Z<M,,qal,impf,<D J<BWR Z<M,Z<M,no complement,no complement,,,,,,,,,,,,,
1903652,BW>[,1Qisaa,Isaiah,26,20,B>,LK <MJ B> B XDRJK W SGR DLTJK B<DK XBW K M<V RG< <D J<BWR Z<M,00 0000 00 0 000000 0 000 000000 00000 000 0 000 000 00 00000 000 00,qal,impv,B> B XDRJK,,B XDRJK,B XDR/,,0,prep,,,det,subs,,,B,,,
1903650,HLK[,1Qisaa,Isaiah,26,20,LK,LK <MJ B> B XDRJK W SGR DLTJK B<DK XBW K M<V RG< <D J<BWR Z<M,00 0000 00 0 000000 0 000 000000 00000 000 0 000 000 00 00000 000 00,qal,impv,LK,,no complement,no complement,,,,,,,,,,,,,
1903664,<BR[,1Qisaa,Isaiah,26,20,J<BWR,LK <MJ B> B XDRJK W SGR DLTJK B<DK XBW K M<V RG< <D J<BWR Z<M,00 0000 00 0 000000 0 000 000000 00000 000 0 000 000 00 00000 000 00,qal,impf,<D J<BWR Z<M,Z<M,no complement,no complement,,,,,,,,,,,,,
220543,JY>[,MT,Isaiah,26,21,JY>,KJ HNH JHWH JY> M MQWMW L PQD <WN JCB H >RY <LJW W GLTH H >RY >T DMJH W L> TKSH <WD <L HRWGJH,,qal,ptca,KJ HNH JHWH JY> M MQWMW,JHWH,M MQWMW,MN MQWM/,,0,prep,,,det,subs,,,MN,,,
220554,GLH[,MT,Isaiah,26,21,GLTH,KJ HNH JHWH JY> M MQWMW L PQD <WN JCB H >RY <LJW W GLTH H >RY >T DMJH W L> TKSH <WD <L HRWGJH,,piel,perf,W GLTH H >RY >T DMJH,H >RY,no complement,no complement,,,,,,,,,,,,,
1903669,JY>[,1Qisaa,Isaiah,26,21,JY>,KJ JHWH JY> M MQWMW L PQWD <WWN JWCB H >RY <LJW W GLTH H >RY >T DMJH W LW> TKSH <WD <L HRWGJH,00 0000 000 0 000000 0 0000 0000 0000 0 000 00000 0 0000 0 000 00 00000 0 000 0000 000 00 0000000 00,qal,ptca,KJ JHWH JY> M MQWMW,JHWH,M MQWMW,no complement,,0,,,,,,,,MN,,,
1903680,GLH[,1Qisaa,Isaiah,26,21,GLTH,KJ JHWH JY> M MQWMW L PQWD <WWN JWCB H >RY <LJW W GLTH H >RY >T DMJH W LW> TKSH <WD <L HRWGJH,00 0000 000 0 000000 0 0000 0000 0000 0 000 00000 0 0000 0 000 00 00000 0 000 0000 000 00 0000000 00,piel,perf,,,no complement,no complement,,,,,,,,,,,,,
1903711,BRX[,1Qisaa,Isaiah,27,1,BWRX,B JWM H HW> JPQWD JHWH B XRBW H QCH W H GDWLH W H XZQH <L LWJTN NXC BWRX W <L LWJTN NXC <QLTWN W HRG >T H TNJN >CR B JM,0 000 0 000 00000 0000 0 00000 0 000 0 0 00000 0 0 0000 00 00000 000 0000 0 00 00000 000 000000 0 000 00 0 0000 000 0 00 00,qal,ptca,,,no complement,no complement,,,,,,,,,,,,,
220632,PF<[,MT,Isaiah,27,4,>PF<H,XMH >JN LJ MJ JTNNJ CMJR CJT B MLXMH >PF<H BH >YJTNH JXD,,qal,impf,B MLXMH >PF<H BH,,BH,B,,0,prep,,,det,,,,B,,,
1903759,PF<[,1Qisaa,Isaiah,27,4,>PF<H,XMH >JN LJ MJ JTNNJ CJMJR W CJT B MLXMH >PF<H BH W >YJTNH JXDW,000 000 000 00 000000 00000 0 000 0 00000 00000 000 0 0000000 0000 00,qal,impf,B MLXMH >PF<H BH,,BH,no complement,,0,,,,,,,,B,,,
220647,BW>[,MT,Isaiah,27,6,B>JM,H B>JM JCRC J<QB JYJY W PRX JFR>L W ML>W PNJ TBL TNWBH,,qal,ptca,H B>JM,H B>JM,no complement,no complement,,,,,,,,,,,,,
1903777,BW>[,1Qisaa,Isaiah,27,6,B>JM,H B>JM JCRJC J<QWB W JYJY W JPRX JFR>L W ML>W PNJ TBL TNWBH,0 0000 00000 00000 0 0000 0 0000 00000 0 0000 000 000 00000 00,qal,ptca,,,no complement,no complement,,,,,,,,,,,,,
220692,SWR[,MT,Isaiah,27,9,HSR,LKN B Z>T JKPR <WN J<QB W ZH KL PRJ HSR XV>TW B FWMW KL >BNJ MZBX K >BNJ GR MNPYWT L> JQMW >CRJM W XMNJM,,hif,infc,HSR XV>TW,,no complement,no complement,,,,,,,,,,,,,
1903827,SWR[,1Qisaa,Isaiah,27,9,HSJR,L KN B ZW>T JKPR <WWN J<QWB W ZH KWL PRJ HSJR XV>WW B FWMW KWL >BNJ MZBX K >BNJ GJR MNPYWT LW> JQWMW >CRJM W XMNJM,0 00 0 0000 0000 0000 00000 0 00 000 000 0000 000000 0 00000 000 0000 0000 0 0000 000 000000 000 00000 00000 0 00000 00,hifil,infc,,,no complement,no complement,,,,,,,,,,,,,
220733,BW>[,MT,Isaiah,27,11,B>WT,B JBC QYJRH TCBRNH NCJM B>WT M>JRWT >WTH KJ L> <M BJNWT HW> <L KN L> JRXMNW <FHW W JYRW L> JXNNW,,qal,ptca,NCJM B>WT,NCJM,no complement,no complement,,,,,,,,,,,,,
1903870,BW>[,1Qisaa,Isaiah,27,11,B>WT,B JBC QYJRH TCBRNH NCJM B>WT M>JRWT >WTH KJ LW> <M BJNWT HW> <L KN LW> JRXMNW <WFHW W JWYRW LW> JXWNNW,0 000 000000 0000 000000 0000 0000 000000 00000 00 000 00 00000 000 00 00 000 0000000 000000 0 000000 000 0000000 00,qal,ptca,,,no complement,no complement,,,,,,,,,,,,,
220786,BW>[,MT,Isaiah,27,13,B>W,W HJH B JWM H HW> JTQ< B CWPR GDWL W B>W H >BDJM B >RY >CWR W H NDXJM B >RY MYRJM W HCTXWW L JHWH B HR H QDC B JRWCLM,,qal,perf,W B>W,,no complement,no complement,,,,,,,,,,,,,
1903923,BW>[,1Qisaa,Isaiah,27,13,B>W,W HJH B JWM H HW> JTQ< B CWPR GDWL W B>W H >WBDJM B >RY >CWR W H NDXJM B >RY MYRJM W HCTXW L JHWH B HR H QDC B JRWCLM,0 000 0 000 0 000 0000 0 0000 0000 0 000 0 000000 0 000 0000 0 0 00000 0 000 00000 0 00000 0 0000 0 00 0 000 0 000000 00,qal,perf,,,no complement,no complement,,,,,,,,,,,,,
220840,CVP[,MT,Isaiah,28,2,CVPJM,HNH XZQ W >MY L >DNJ K ZRM BRD F<R QVB K ZRM MJM KBJRJM CVPJM HNJX L >RY B JD,,qal,ptca,K ZRM BRD F<R QVB K ZRM MJM KBJRJM CVPJM HNJX L >RY B JD,,no complement,L H >RY/,,0,prep,,,det,subs,,,,,,
220841,NWX[,MT,Isaiah,28,2,HNJX,HNH XZQ W >MY L >DNJ K ZRM BRD F<R QVB K ZRM MJM KBJRJM CVPJM HNJX L >RY B JD,,hif,perf,K ZRM BRD F<R QVB K ZRM MJM KBJRJM CVPJM HNJX L >RY B JD,,L >RY,L H >RY/,,0,prep,,,det,subs,,,L,,,
1903980,CVP[,1Qisaa,Isaiah,28,2,CWVPJM,HNH B XZQ W >MY L JHWH K ZRM BRD F<R QVB K ZRM MJM KBRJM CWVPJM W HNJX L >RY B JD,000 0 000 0 000 0 0000 0 000 000 000 000 0 000 000 00000 000000 0 0000 0 000 0 00 00,qal,ptca,K ZRM BRD F<R QVB K ZRM MJM KBRJM CWVPJM W HNJX L >RY B JD,,no complement,no complement,,0,,,,,,,,,,,
1903982,NWX[,1Qisaa,Isaiah,28,2,HNJX,HNH B XZQ W >MY L JHWH K ZRM BRD F<R QVB K ZRM MJM KBRJM CWVPJM W HNJX L >RY B JD,000 0 000 0 000 0 0000 0 000 000 000 000 0 000 000 00000 000000 0 0000 0 000 0 00 00,hifil,perf,K ZRM BRD F<R QVB K ZRM MJM KBRJM CWVPJM W HNJX L >RY B JD,,L >RY,no complement,,0,,,,,,,,L,,,
220911,CWB[,MT,Isaiah,28,6,MCJBJ,W L RWX MCPV L JWCB <L H MCPV W L GBWRH MCJBJ MLXMH C<RH,,hif,ptca,MCJBJ MLXMH C<RH,,no complement,no complement,,,,,,,,,,,,,
1904054,CWB[,1Qisaa,Isaiah,28,6,MCJBJ,W L RWX MCPV L JWCB <L H MCPV W L GBWRH MCJBJ MLXMH C<R,0 0 000 0000 0 0000 00 0 0000 0 0 00000 00000 00000 000 00,hifil,ptca,,,no complement,no complement,,,,,,,,,,,,,
220925,T<H[,MT,Isaiah,28,7,T<W,W GM >LH B JJN CGW W B CKR T<W KHN W NBJ> CGW B CKR NBL<W MN H JJN T<W MN H CKR CGW B R>H PQW PLJLJH,,qal,perf,W B CKR T<W,,no complement,no complement,,,,,,,,,,,,,
220937,T<H[,MT,Isaiah,28,7,T<W,W GM >LH B JJN CGW W B CKR T<W KHN W NBJ> CGW B CKR NBL<W MN H JJN T<W MN H CKR CGW B R>H PQW PLJLJH,,qal,perf,T<W MN H CKR,,no complement,no complement,,,,,,,,,,,,,
1904066,T<H[,1Qisaa,Isaiah,28,7,T<W,GM >LH B JJN CGW W B CKR T<W KWHN W NBJ CGW B CKR NBL<W MN H JJN T<W MN H CKR CGW B R>H PQW PLJLJH,00 000 0 000 000 0 0 000 000 0000 0 000 000 0 000 00000 00 0 000 000 00 0 000 000 0 000 000 000000 00,qal,perf,,,no complement,no complement,,,,,,,,,,,,,
1904077,T<H[,1Qisaa,Isaiah,28,7,T<W,GM >LH B JJN CGW W B CKR T<W KWHN W NBJ CGW B CKR NBL<W MN H JJN T<W MN H CKR CGW B R>H PQW PLJLJH,00 000 0 000 000 0 0 000 000 0000 0 000 000 0 000 00000 00 0 000 000 00 0 000 000 0 000 000 000000 00,qal,perf,,,no complement,no complement,,,,,,,,,,,,,
221007,NWX[,MT,Isaiah,28,12,HNJXW,>CR >MR >LJHM Z>T H MNWXH HNJXW L <JP W Z>T H MRG<H W L> >BW> CMW<,,hif,impv,HNJXW L <JP,,L <JP,L H <JP/,,0,prep,,,det,,,,L,,,
1904151,NWX[,1Qisaa,Isaiah,28,12,HNJXW,>CR >MR >LJHMH ZW>T H MNWXH HNJXW L J<WP W ZW>T H MRG<H W LW> >BW L CMW<,000 000 0000000 0000 0 00000 00000 0 0000 0 0000 0 00000 0 000 000 0 0000 00,hifil,impv,HNJXW L J<WP,,L J<WP,no complement,,0,,,,,,,,L,,,
221041,HLK[,MT,Isaiah,28,13,JLKW,W HJH LHM DBR JHWH YW L YW YW L YW QW L QW QW L QW Z<JR CM Z<JR CM LM<N JLKW W KCLW >XWR W NCBRW W NWQCW W NLKDW,,qal,impf,LM<N JLKW,,no complement,no complement,,,,,,,,,,,,,
1904186,HLK[,1Qisaa,Isaiah,28,13,JLKW,W HJH LHM DBR JHWH YJ L YJ YJ L YJ QW L QW QW L QW Z<JR CM Z<JR CM LM<N JLKW W KCLW >XWR W NCBRW W NWQCW W NLKDW,0 000 0000 000 0000 00 0 00 00 0 00 00 0 00 00 0 00 0000 00 0000 00 0000 0000 0 0000 0000 0 00000 0 00000 0 00000 00,qal,impf,,,no complement,no complement,,,,,,,,,,,,,
221077,CVP[,MT,Isaiah,28,15,CWVP,KJ >MRTM KRTNW BRJT >T MWT W <M C>WL <FJNW XZH CJV CWVP KJ <BR L> JBW>NW KJ FMNW KZB MXSNW W B CQR NSTRNW,,qal,ptca,CJV CWVP,,no complement,no complement,,,,,,,,,,,,,
221079,<BR[,MT,Isaiah,28,15,<BR,KJ >MRTM KRTNW BRJT >T MWT W <M C>WL <FJNW XZH CJV CWVP KJ <BR L> JBW>NW KJ FMNW KZB MXSNW W B CQR NSTRNW,,qal,impf,KJ <BR,,no complement,no complement,,,,,,,,,,,,,
221081,BW>[,MT,Isaiah,28,15,JBW>NW,KJ >MRTM KRTNW BRJT >T MWT W <M C>WL <FJNW XZH CJV CWVP KJ <BR L> JBW>NW KJ FMNW KZB MXSNW W B CQR NSTRNW,,qal,impf,L> JBW>NW,,no complement,no complement,,,,,,,,,,,,,
1904225,CVP[,1Qisaa,Isaiah,28,15,CWVP,KJ >MRTM KRTNW BRJT >T MWT W <M C>WL <FJNW XZH CWV CWVP KJ JBWR LW> JBW>NW KJ FMNW KZB MXSNJ W B CQR NSTRNW,00 00000 00000 0000 00 000 0 00 0000 00000 000 000 0000 00 0000 000 0000000 00 0000 000 000000 0 0 000 000000 00,qal,ptca,,,no complement,no complement,,,,,,,,,,,,,
1904227,<BR[,1Qisaa,Isaiah,28,15,JBWR,KJ >MRTM KRTNW BRJT >T MWT W <M C>WL <FJNW XZH CWV CWVP KJ JBWR LW> JBW>NW KJ FMNW KZB MXSNJ W B CQR NSTRNW,00 00000 00000 0000 00 000 0 00 0000 00000 000 000 0000 00 0000 000 0000000 00 0000 000 000000 0 0 000 000000 00,qal,impf,,,no complement,no complement,,,,,,,,,,,,,
1904229,BW>[,1Qisaa,Isaiah,28,15,JBW>NW,KJ >MRTM KRTNW BRJT >T MWT W <M C>WL <FJNW XZH CWV CWVP KJ JBWR LW> JBW>NW KJ FMNW KZB MXSNJ W B CQR NSTRNW,00 00000 00000 0000 00 000 0 00 0000 00000 000 000 0000 00 0000 000 0000000 00 0000 000 000000 0 0 000 000000 00,qal,impf,,,no complement,no complement,,,,,,,,,,,,,
1920758,CVP[,1Q8,Isaiah,28,15,CWVP,KRTNW BRJT >T MWT W <M C>WL <FJNW XZH CJV CWVP KJ <BR L> JB>NW KJ FMNW KZB MXSNW W B CQR NSTRNW,00000 0000 00 000 0 00 0000 00000 000 000 0000 00 000 00 000000 00 0000 000 000000 0 0 000 000000 00,qal,ptca,,,no complement,no complement,,,,,,,,,,,,,
1920760,<BR[,1Q8,Isaiah,28,15,<BR,KRTNW BRJT >T MWT W <M C>WL <FJNW XZH CJV CWVP KJ <BR L> JB>NW KJ FMNW KZB MXSNW W B CQR NSTRNW,00000 0000 00 000 0 00 0000 00000 000 000 0000 00 000 00 000000 00 0000 000 000000 0 0 000 000000 00,qal,perf,,,no complement,no complement,,,,,,,,,,,,,
1920762,BW>[,1Q8,Isaiah,28,15,JB>NW,KRTNW BRJT >T MWT W <M C>WL <FJNW XZH CJV CWVP KJ <BR L> JB>NW KJ FMNW KZB MXSNW W B CQR NSTRNW,00000 0000 00 000 0 00 0000 00000 000 000 0000 00 000 00 000000 00 0000 000 000000 0 0 000 000000 00,qal,impf,,,no complement,no complement,,,,,,,,,,,,,
221110,XWC[,MT,Isaiah,28,16,JXJC,LKN KH >MR >DNJ JHWH HNNJ JSD B YJWN >BN >BN BXN PNT JQRT MWSD MWSD H M>MJN L> JXJC,,hif,impf,L> JXJC,,no complement,no complement,,,,,,,,,,,,,
1904259,XWC[,1Qisaa,Isaiah,28,16,JXJC,L KN KH >MR >DWNJ JHWH HNNJ MJSD B YJWN >BN >BN BXN PNT JQRT MWSD MWSD H M>MJN LW> JXJC,0 00 00 000 00000 0000 00000 0000 0 0000 000 000 000 000 0000 0000 0000 0 00000 000 0000 00,hifil,impf,,,no complement,no complement,,,,,,,,,,,,,
1920792,XWC[,1Q8,Isaiah,28,16,JXJC,L KN KH >MR >DNJ JHWH HNNJ JWSD B YJWN >BN >BN BXN PNT JQRT MWSD MWSD H M>MJN L> JXJC,0 00 00 000 0000 0000 00000 0000 0 0000 000 000 000 000 0000 0000 0000 0 00000 00 0000 00,hifil,impf,,,no complement,no complement,,,,,,,,,,,,,
221128,CVP[,MT,Isaiah,28,17,JCVPW,W FMTJ MCPV L QW W YDQH L MCQLT W J<H BRD MXSH KZB W STR MJM JCVPW,,qal,impf,W STR MJM JCVPW,MJM,no complement,no complement,,,,,,,,,,,,,
1904280,CVP[,1Qisaa,Isaiah,28,17,CVPW,W FMTJ MCPV L QW W YDQH L MCQLT W J<H BRD M MXSH KZB W STR MJM W CVPW,0 0000 0000 0 00 0 0000 0 00000 0 000 000 0 0000 000 0 000 000 0 0000 00,qal,perf,,,no complement,no complement,,,,,,,,,,,,,
1920811,CVP[,1Q8,Isaiah,28,17,JCVPW,W FMTJ MCPV L QW W YDQH L MCQLT W J<H BRD MXSH KZB W STR MJM JCVPW,0 0000 0000 0 00 0 0000 0 00000 0 000 000 0000 000 0 000 000 00000 00,qal,impf,,,no complement,no complement,,,,,,,,,,,,,
221141,CVP[,MT,Isaiah,28,18,CWVP,W KPR BRJTKM >T MWT W XZWTKM >T C>WL L> TQWM CWV CWVP KJ J<BR W HJJTM LW L MRMS,,qal,ptca,CWV CWVP,,no complement,no complement,,,,,,,,,,,,,
221143,<BR[,MT,Isaiah,28,18,J<BR,W KPR BRJTKM >T MWT W XZWTKM >T C>WL L> TQWM CWV CWVP KJ J<BR W HJJTM LW L MRMS,,qal,impf,KJ J<BR,,no complement,no complement,,,,,,,,,,,,,
1904295,CVP[,1Qisaa,Isaiah,28,18,CWVP,W KPR >T BRJTKMH >T MWT W XZWTKM >T C>WL LW> TQWM CWV CWVP KJ J<BWR W HJJTMH LW L MRMS,0 000 00 00000000 00 000 0 0000000 00 0000 000 0000 000 0000 00 00000 0 000000 000 0 0000 00,qal,ptca,,,no complement,no complement,,,,,,,,,,,,,
1904297,<BR[,1Qisaa,Isaiah,28,18,J<BWR,W KPR >T BRJTKMH >T MWT W XZWTKM >T C>WL LW> TQWM CWV CWVP KJ J<BWR W HJJTMH LW L MRMS,0 000 00 00000000 00 000 0 0000000 00 0000 000 0000 000 0000 00 00000 0 000000 000 0 0000 00,qal,impf,,,no complement,no complement,,,,,,,,,,,,,
1920825,CVP[,1Q8,Isaiah,28,18,CWVP,W KPR BRJTKM >T MWT W XZWTKM >T C>WL L> TQWM CWV CWVP KJ J<BR W HJJTM LW L MRMS,0 000 0000000 00 000 0 0000000 00 0000 00 0000 000 0000 00 0000 0 00000 000 0 0000 00,qal,ptca,,,no complement,no complement,,,,,,,,,,,,,
1920827,<BR[,1Q8,Isaiah,28,18,J<BR,W KPR BRJTKM >T MWT W XZWTKM >T C>WL L> TQWM CWV CWVP KJ J<BR W HJJTM LW L MRMS,0 000 0000000 00 000 0 0000000 00 0000 00 0000 000 0000 00 0000 0 00000 000 0 0000 00,qal,impf,,,no complement,no complement,,,,,,,,,,,,,
221151,<BR[,MT,Isaiah,28,19,<BRW,M DJ <BRW JQX >TKM KJ B BQR B BQR J<BR B JWM W B LJLH W HJH RQ ZW<H HBJN CMW<H,,qal,infc,M DJ <BRW,,no complement,no complement,,,,,,,,,,,,,
221161,<BR[,MT,Isaiah,28,19,J<BR,M DJ <BRW JQX >TKM KJ B BQR B BQR J<BR B JWM W B LJLH W HJH RQ ZW<H HBJN CMW<H,,qal,impf,KJ B BQR B BQR J<BR B JWM W B LJLH,,no complement,no complement,,,,,,,,,,,,,
1904306,<BR[,1Qisaa,Isaiah,28,19,<BRW,M DJ <BRW JQX >TKMH KJ B BQR B BQR J<BWR B JWM W B LJLH RQ ZW<H HBJN CMW<H,0 00 00000 000 000000 00 0 000 0 000 00000 0 000 0 0 0000 00 0000 0000 00000 00,qal,infc,,,no complement,no complement,,,,,,,,,,,,,
1904314,<BR[,1Qisaa,Isaiah,28,19,J<BWR,M DJ <BRW JQX >TKMH KJ B BQR B BQR J<BWR B JWM W B LJLH RQ ZW<H HBJN CMW<H,0 00 00000 000 000000 00 0 000 0 000 00000 0 000 0 0 0000 00 0000 0000 00000 00,qal,impf,,,no complement,no complement,,,,,,,,,,,,,
1920836,<BR[,1Q8,Isaiah,28,19,<BRW,M DJ <BRW JQX >TKM KJ B BQR B BQR J<BR W B LJLH W HJH RQ ZW<H HBJN CMW<H,0 00 00000 000 00000 00 0 000 0 000 0000 0111 0 0 0000 0 000 00 0000 0000 00000 00,qal,infc,,,no complement,no complement,,,,,,,,,,,,,
1920844,<BR[,1Q8,Isaiah,28,19,J<BR,M DJ <BRW JQX >TKM KJ B BQR B BQR J<BR W B LJLH W HJH RQ ZW<H HBJN CMW<H,0 00 00000 000 00000 00 0 000 0 000 0000 0111 0 0 0000 0 000 00 0000 0000 00000 00,qal,impf,,,no complement,no complement,,,,,,,,,,,,,
221291,SBB[,MT,Isaiah,28,27,JWSB,KJ L> B XRWY JWDC QYX W >WPN <GLH <L KMN JWSB KJ B MVH JXBV QYX W KMN B CBV,,hof,impf,W >WPN <GLH <L KMN JWSB,>WPN <GLH,<L KMN,<L KMN/,,0,prep,,,und,subs,,,<L,,,
1904447,SBB[,1Qisaa,Isaiah,28,27,JSWB,KJ LW> B XRWY JDC QYX W >PN <GLH <L KMN JSWB KJ B MVH JXBV QYX W KMN B CBV,00 000 0 0000 000 000 0 000 0000 00 000 0000 00 0 000 0000 000 0 000 0 000 00,qal,impf,W >PN <GLH <L KMN JSWB,W >PN <GLH ,<L KMN,no complement,,0,,,,,,,,<L,,,
221325,JY>[,MT,Isaiah,28,29,JY>H,GM Z>T M <M JHWH YB>WT JY>H HPLJ> <YH HGDJL TWCJH,,qal,perf,GM Z>T M <M JHWH YB>WT JY>H,GM Z>T,M <M JHWH YB>WT,MN <M JHWH/ YB>/,,0,prep + prep,pers,anim,det,nmpr subs,,,MN,<M,,
1904480,JY>[,1Qisaa,Isaiah,28,29,JY>H,GM ZW>T M <M JHWH YB>WT JY>H HPLH <YH W HGDJL TWCJH,00 0000 0 00 0000 00000 0000 0000 000 0 00000 00000 00,qal,perf,GM ZW>T M <M JHWH YB>WT JY>H,GM ZW>T,M <M JHWH YB>WT,no complement,,0,,,,,,,,MN,<M,,
221402,<BR[,MT,Isaiah,29,5,<BR,W HJH K >BQ DQ HMWN ZRJK W K MY <BR HMWN <RJYJM W HJH L PT< PT>M,,qal,ptca,W K MY <BR HMWN <RJYJM,HMWN <RJYJM,no complement,no complement,,,,,,,,,,,,,
1904562,<BR[,1Qisaa,Isaiah,29,5,<WBR,W HJH K >BQ DQ HMWN ZDJK W K MWY <WBR HMWN <RJYJM W HJH L PT< PT>M,0 000 0 000 00 0000 00000 0 0 000 0000 0000 000000 0 000 0 000 0000 00,qal,ptca,,,no complement,no complement,,,,,,,,,,,,,
1920957,<BR[,1Q8,Isaiah,29,5,<WBR,W HJH W K MY <WBR HMWN <RJYJM W HJH L PT< PT>M,0 000 01 0 0 00 0000 0000 000000 0 000 0 000 0000 00,qal,ptca,,,no complement,no complement,,,,,,,,,,,,,
221583,NGC[,MT,Isaiah,29,13,NGC,W J>MR >DNJ J<N KJ NGC H <M H ZH B PJW W B FPTJW KBDWNJ W LBW RXQ MMNJ W THJ JR>TM >TJ MYWT >NCJM MLMDH,,nif,perf,J<N KJ NGC H <M H ZH B PJW,H <M H ZH,no complement,no complement,,,,,,,,,,,,,
1904754,NGC[,1Qisaa,Isaiah,29,13,NGC,W JW>MR >DWNJ J<N KJ NGC H <M H ZH B PJW W B FPTJW KBDWNJ W LBW RXWQ MMNJ W THJH JR>T >WTJ K MYWT >NCJM MLMDH,0 00000 00000 000 00 000 0 00 0 00 0 0000 0 0 000000 0000000 0 0000 0000 00000 0 0000 0000 00000 0 0000 00000 00000 00,nifal,perf,,,no complement,no complement,,,,,,,,,,,,,
221673,CWB[,MT,Isaiah,29,17,CB,H LW> <WD M<V MZ<R W CB LBNWN L KRML W H KRML L J<R JXCB,,qal,perf,W CB LBNWN L KRML,LBNWN,L KRML,L H KRML/,,0,prep,,,det,subs,,,L,,,
1904852,CWB[,1Qisaa,Isaiah,29,17,CB,H LW> <WD M<V MZ<R W CB LBNWN L KRML W H KRML L J<R JXCB,0 000 000 000 0000 0 00 00000 0 0000 0 0 0000 0 000 0000 00,qal,perf,W CB LBNWN L KRML,LBNWN,L KRML,no complement,,0,,,,,,,,L,,,
221789,T<H[,MT,Isaiah,29,24,T<J,W JD<W T<J RWX BJNH W RWGNJM JLMDW LQX,,qal,ptca,W JD<W T<J RWX BJNH,T<J RWX,no complement,no complement,,,,,,,,,,,,,
1904970,T<H[,1Qisaa,Isaiah,29,24,TW<J,W JD<W TW<J RWX BJNH W RWGNJM JLMDW LQX,0 0000 0000 000 0000 0 000000 00000 000 00,qal,ptca,W JD<W TW<J RWX BJNH,TW<J RWX,no complement,no complement,,,,,,,,,,,,,
221822,JRD[,MT,Isaiah,30,2,RDT,H HLKJM L RDT MYRJM W PJ L> C>LW L <WZ B M<WZ PR<H W L XSWT B YL MYRJM,,qal,infc,L RDT MYRJM,,MYRJM,MYRJM/,,0,vc,topo,inanim,det,nmpr,,,,,,
221829,<WZ[,MT,Isaiah,30,2,<WZ,H HLKJM L RDT MYRJM W PJ L> C>LW L <WZ B M<WZ PR<H W L XSWT B YL MYRJM,,qal,infa,L <WZ B M<WZ PR<H,,B M<WZ PR<H,B M<WZ/ PR<H/,,0,prep,,,und,subs subs,,,B,,,
221835,XSH[,MT,Isaiah,30,2,XSWT,H HLKJM L RDT MYRJM W PJ L> C>LW L <WZ B M<WZ PR<H W L XSWT B YL MYRJM,,qal,infc,W L XSWT B YL MYRJM,,B YL MYRJM,B YL/ MYRJM/,,0,prep,topo,inanim,det,subs nmpr,,,B,,,
221820,HLK[,MT,Isaiah,30,2,HLKJM,H HLKJM L RDT MYRJM W PJ L> C>LW L <WZ B M<WZ PR<H W L XSWT B YL MYRJM,,qal,ptca,H HLKJM,,no complement,no complement,,,,,,,,,,,,,
1905005,JRD[,1Qisaa,Isaiah,30,2,RDT,H HWLKJM L RDT MYRJM W PJ LW> C>LW L <WZ B M<WZ PR<WH W L XSWT B YL MYRJM,0 000000 0 000 00000 0 000 000 0000 0 000 0 0000 00000 0 0 0000 0 00 00000 00,qal,infc,L RDT MYRJM,,MYRJM,MYRJM/,,0,vc,topo,inanim,det,nmpr,,,,,,
1905012,<WZ[,1Qisaa,Isaiah,30,2,<WZ,H HWLKJM L RDT MYRJM W PJ LW> C>LW L <WZ B M<WZ PR<WH W L XSWT B YL MYRJM,0 000000 0 000 00000 0 000 000 0000 0 000 0 0000 00000 0 0 0000 0 00 00000 00,qal,infc,L <WZ B M<WZ PR<WH,,B M<WZ PR<WH,B M<WZ/ PR<H/,,0,prep,,,und,subs subs,,,B,,,
1905018,XSH[,1Qisaa,Isaiah,30,2,XSWT,H HWLKJM L RDT MYRJM W PJ LW> C>LW L <WZ B M<WZ PR<WH W L XSWT B YL MYRJM,0 000000 0 000 00000 0 000 000 0000 0 000 0 0000 00000 0 0 0000 0 00 00000 00,qal,infc,W L XSWT B YL MYRJM,,B YL MYRJM,B YL/ MYRJM/,,0,prep,topo,inanim,det,subs nmpr,,,B,,,
1905003,HLK[,1Qisaa,Isaiah,30,2,HWLKJM,H HWLKJM L RDT MYRJM W PJ LW> C>LW L <WZ B M<WZ PR<WH W L XSWT B YL MYRJM,0 000000 0 000 00000 0 000 000 0000 0 000 0 0000 00000 0 0 0000 0 00 00000 00,qal,ptca,H HWLKJM,,no complement,no complement,,,,,,,,,,,,,
221899,<WP[,MT,Isaiah,30,6,M<WPP,MF> BHMWT NGB B >RY YRH W YWQH LBJ> W LJC MHM >P<H W FRP M<WPP JF>W <L KTP <JRJM XJLHM W <L DBCT GMLJM >WYRTM <L <M L> JW<JLW,,piel,ptca,>P<H W FRP M<WPP,>P<H W FRP M<WPP,no complement,no complement,,,,,,,,,,,,,
1905088,<WP[,1Qisaa,Isaiah,30,6,M<WPP,MF> BHMWT NGB B >RY YRH W YJH W YWQH LBJ> W LJC W >JN MJM >P<H W FRP M<WPP JF> <L KTP <JRJM XJLM W <L DBCT GMLJM >WYRWTM <L <M LW> JW<JLW,000 00000 000 0 000 000 0 000 0 0000 0000 0 000 0 000 000 0000 0 000 00000 000 00 000 00000 00000 0 00 0000 00000 00000000 00 00 000 000000 00,polel,ptca,,,no complement,no complement,,,,,,,,,,,,,
221928,BW>[,MT,Isaiah,30,8,BW>,<TH BW> KTBH <L LWX >TM W <L SPR XQH W THJ L JWM >XRWN L <D <D <WLM,,qal,impv,<TH BW>,,no complement,no complement,,,,,,,,,,,,,
1905120,BW>[,1Qisaa,Isaiah,30,8,BW>,<TH BW> KWTBH> <L LWX >WTM W <L SPR XQH W THJ L JWM >XRWN L <D <D <WLM,000 000 0000000 00 000 00000 0 00 000 0000 0 000 0 000 00000 0 00 00 0000 00,qal,impv,<TH BW>,,no complement,no complement,,,,,,,,,,,,,
221978,SWR[,MT,Isaiah,30,11,SWRW,SWRW MNJ DRK HVW MNJ >RX HCBJTW M PNJNW >T QDWC JFR>L,,qal,impv,SWRW MNJ DRK,,MNJ DRK,MN DRK/,,0,prep,,,und,subs,,,MN,,,
1905172,SWR[,1Qisaa,Isaiah,30,11,TSJRW,TSJRW MNW DRK HVW MNJ >RX HCBJTW M PNJNW >T QDWC JFR>L,00000 000 000 000 000 000 000000 0 000000 00 0000 00000 00,hifil,impf,TSJRW MNW DRK,,MNW DRK,MN DRK/,,0,prep,,,und,subs,,,MN,,,
1921047,SWR[,1Q8,Isaiah,30,11,SWRW,SWRW MNJ DRK HVW MNJ >RX HCBJTW M PNJNW >T QDWC JFR>L,0000 000 000 000 000 000 000000 0 000000 00 0000 00000 00,qal,impv,TSJRW MNW DRK,,MNW DRK,MN DRK/,,0,prep,,,und,subs,,,MN,,,
222020,NPL[,MT,Isaiah,30,13,NPL,LKN JHJH LKM H <WN H ZH K PRY NPL NB<H B XWMH NFGBH >CR PT>M L PT< JBW> CBRH,,qal,ptca,LKN JHJH LKM H <WN H ZH K PRY NPL,H <WN H ZH,no complement,no complement,,,,,,,,,,,,,
222029,BW>[,MT,Isaiah,30,13,JBW>,LKN JHJH LKM H <WN H ZH K PRY NPL NB<H B XWMH NFGBH >CR PT>M L PT< JBW> CBRH,,qal,impf,>CR PT>M L PT< JBW> CBRH,CBRH,no complement,no complement,,,,,,,,,,,,,
1905217,NPL[,1Qisaa,Isaiah,30,13,NWPL,L KN JHJH LKM H <HWWN H ZH K PRY NWPL NB<H B XWMH NFGBH >CR PT>M L PT< JBW> CBRH,0 00 0000 0000 0 00000 0 00 0 000 0000 0000 0 0000 00000 000 0000 0 000 0000 00000 00,qal,ptca,,,no complement,no complement,,,,,,,,,,,,,
1905226,BW>[,1Qisaa,Isaiah,30,13,JBW>,L KN JHJH LKM H <HWWN H ZH K PRY NWPL NB<H B XWMH NFGBH >CR PT>M L PT< JBW> CBRH,0 00 0000 0000 0 00000 0 00 0 000 0000 0000 0 0000 00000 000 0000 0 000 0000 00000 00,qal,impf,,,no complement,no complement,,,,,,,,,,,,,
1921092,NPL[,1Q8,Isaiah,30,13,NPL,L KN JHJH LKM H <WN H ZH K PRY NPL NB<H B XWMH NFGBH >CR PT>M L PT< JBW> CBRH,0 00 0000 0000 0 000 0 00 0 000 000 0000 0 0000 00000 000 0000 0 000 0000 00000 00,qal,ptca,,,no complement,no complement,,,,,,,,,,,,,
1921101,BW>[,1Q8,Isaiah,30,13,JBW>,L KN JHJH LKM H <WN H ZH K PRY NPL NB<H B XWMH NFGBH >CR PT>M L PT< JBW> CBRH,0 00 0000 0000 0 000 0 00 0 000 000 0000 0 0000 00000 000 0000 0 000 0000 00000 00,qal,impf,,,no complement,no complement,,,,,,,,,,,,,
222085,NWS[,MT,Isaiah,30,16,NNWS,W T>MRW L> KJ <L SWS NNWS <L KN TNWSWN W <L QL NRKB <L KN JQLW RDPJKM,,qal,impf,KJ <L SWS NNWS,,no complement,no complement,,,,,,,,,,,,,
222088,NWS[,MT,Isaiah,30,16,TNWSWN,W T>MRW L> KJ <L SWS NNWS <L KN TNWSWN W <L QL NRKB <L KN JQLW RDPJKM,,qal,impf,<L KN TNWSWN,,no complement,no complement,,,,,,,,,,,,,
1905285,NWS[,1Qisaa,Isaiah,30,16,NNWS,W T>MRW LW> KJ >L SWS NNWS <L KN TNWSWN W >L QL NRKB <L KN JQLW RWDPJKM,0 00000 000 00 00 000 0000 00 00 0000000 0 00 00 0000 00 00 0000 00000000 00,qal,impf,,,no complement,no complement,,,,,,,,,,,,,
1905288,NWS[,1Qisaa,Isaiah,30,16,TNWSWN,W T>MRW LW> KJ >L SWS NNWS <L KN TNWSWN W >L QL NRKB <L KN JQLW RWDPJKM,0 00000 000 00 00 000 0000 00 00 0000000 0 00 00 0000 00 00 0000 00000000 00,qal,impf,,,no complement,no complement,,,,,,,,,,,,,
222107,NWS[,MT,Isaiah,30,17,TNSW,>LP >XD M PNJ G<RT >XD M PNJ G<RT XMCH TNSW <D >M NWTRTM K TRN <L R>C H HR W K NS <L H GB<H,,qal,impf,M PNJ G<RT XMCH TNSW,,no complement,no complement,,,,,,,,,,,,,
1905308,NWS[,1Qisaa,Isaiah,30,17,TNWSW,>LP >XD M PNJ G<RT >XD W M PNJ XMCH TNWSW <D >M NWTRTM K TRN <L R>WC HR W K NS <L H GB<H,000 000 0 000 0000 000 0 0 000 0000 00000 00 00 000000 0 000 00 0000 00 0 0 00 00 0 0000 00,qal,impf,,,no complement,no complement,,,,,,,,,,,,,
222193,HLK[,MT,Isaiah,30,21,LKW,W >ZNJK TCM<NH DBR M >XRJK L >MR ZH H DRK LKW BW KJ T>MJNW W KJ TFM>JLW,,qal,impv,LKW BW,,BW,B,,0,prep,,,det,,,,B,,,
1905399,HLK[,1Qisaa,Isaiah,30,21,LKW,W >WZNJK TCM<NH DBR M >XRJK L >MWR ZH H DRK LKW BW KJ TJ>MJNW W KJ TFM>JLW,0 0000000 000000 000 0 000000 0 0000 00 0 000 000 000 00 0000000 0 00 0000000 00,qal,impv,LKW BW,,BW,B,,0,prep,,,det,,,,B,,,
222285,NPL[,MT,Isaiah,30,25,NPL,W HJH <L KL HR GBH W <L KL GB<H NF>H PLGJM JBLJ MJM B JWM HRG RB B NPL MGDLJM,,qal,infc,B NPL MGDLJM,MGDLJM,no complement,no complement,,,,,,,,,,,,,
1905491,NPL[,1Qisaa,Isaiah,30,25,NPL,W HJH <L KWL HR GBH W <L KWL GB<H NF>H PLGJM JWBLJ MJM B JWM HRG RB B NPL MGDLJM,0 000 00 000 00 000 0 00 000 0000 0000 00000 00000 000 0 000 000 00 0 000 000000 00,qal,infc,B NPL MGDLJM,MGDLJM,no complement,no complement,,,,,,,,,,,,,
1921241,NPL[,1Q8,Isaiah,30,25,NPL,W HJH <L KL HR GBH W <L KL GB<H NF>H PLGJM JBLJ MJM B JWM HRG RB B NPL MGDLJM,0 000 00 00 00 000 0 00 00 0000 0000 00000 0000 000 0 000 000 00 0 000 000000 00,qal,infc,B NPL MGDLJM,MGDLJM,no complement,no complement,,,,,,,,,,,,,
222321,BW>[,MT,Isaiah,30,27,B>,HNH CM JHWH B> M MRXQ B<R >PW W KBD MF>H FPTJW ML>W Z<M W LCWNW K >C >KLT,,qal,perf,HNH CM JHWH B> M MRXQ,CM JHWH,M MRXQ,MN MRXQ/,,0,prep,,,und,subs,,,MN,,,
1905530,BW>[,1Qisaa,Isaiah,30,27,B>,HNH CM JHWH B> M MRXQ BW<R >PW W KBD MF>H FPTJW ML>W Z<M W LCWNW K >C >WKLT,000 00 0000 00 0 0000 0000 0000 0 000 0000 000000 0000 000 0 000000 0 00 00000 00,qal,ptca,HNH CM JHWH B> M MRXQ,CM JHWH,M MRXQ,MN MRXQ/,,0,prep,,,und,subs,,,MN,,,
222341,CVP[,MT,Isaiah,30,28,CWVP,W RWXW K NXL CWVP <D YW>R JXYH L HNPH GWJM B NPT CW> W RSN MT<H <L LXJJ <MJM,,qal,ptca,W RWXW K NXL CWVP,RWXW,no complement,no complement,,,,,,,,,,,,,
222353,T<H[,MT,Isaiah,30,28,MT<H,W RWXW K NXL CWVP <D YW>R JXYH L HNPH GWJM B NPT CW> W RSN MT<H <L LXJJ <MJM,,hif,ptca,W RSN MT<H <L LXJJ <MJM,RSN MT<H,no complement,no complement,,,,,,,,,,,,,
1905551,CVP[,1Qisaa,Isaiah,30,28,CWVP,W RWXW K NXL CWVP <D YW>R W XYH L NPH GW>JM B NPT CW> W RSN MT<H <L LWXJJ <MJM,0 00000 0 000 0000 00 0000 0 000 0 0000 00000 0 000 000 0 000 0000 00 00000 0000 00,qal,ptca,,,no complement,no complement,,,,,,,,,,,,,
1905564,T<H[,1Qisaa,Isaiah,30,28,MT<H,W RWXW K NXL CWVP <D YW>R W XYH L NPH GW>JM B NPT CW> W RSN MT<H <L LWXJJ <MJM,0 00000 0 000 0000 00 0000 0 000 0 0000 00000 0 000 000 0 000 0000 00 00000 0000 00,hifil,ptca,,,no complement,no complement,,,,,,,,,,,,,
222375,BW>[,MT,Isaiah,30,29,BW>,H CJR JHJH LKM K LJL HTQDC XG W FMXT LBB K HWLK B XLJL L BW> B HR JHWH >L YWR JFR>L,,qal,infc,L BW> B HR JHWH >L YWR JFR>L,,>L YWR JFR>L,>L YWR/ JFR>L/,,0,prep,"pers,gens,topo",,det,subs nmpr,,,>L,,,
222370,HLK[,MT,Isaiah,30,29,HWLK,H CJR JHJH LKM K LJL HTQDC XG W FMXT LBB K HWLK B XLJL L BW> B HR JHWH >L YWR JFR>L,,qal,ptca,K HWLK B XLJL,,no complement,no complement,,,,,,,,,,,,,
1905582,HLK[,1Qisaa,Isaiah,30,29,HWLK,H CJR W HJH LKMH K LJL HTQDJCW XG W FMXT LBB K HWLK B XLJL L BW> B HR JHWH >L YWR JFR>L,0 000 0 000 00000 0 000 0000000 00 0 0000 000 0 0000 0 0000 0 000 0 00 0000 00 000 00000 00,qal,ptca,,,no complement,no complement,,,,,,,,,,,,,
1905586,BW>[,1Qisaa,Isaiah,30,29,BW>,H CJR W HJH LKMH K LJL HTQDJCW XG W FMXT LBB K HWLK B XLJL L BW> B HR JHWH >L YWR JFR>L,0 000 0 000 00000 0 000 0000000 00 0 0000 000 0 0000 0 0000 0 000 0 00 0000 00 000 00000 00,qal,infc,L BW> B HR JHWH >L YWR JFR>L,,>L YWR JFR>L,no complement,,0,,,,,,,,>L,,,
222422,NWX[,MT,Isaiah,30,32,JNJX,W HJH KL M<BR MVH MWSDH >CR JNJX JHWH <LJW B TPJM W B KNRWT W B MLXMWT TNWPH NLXM BH,,hif,impf,>CR JNJX JHWH <LJW,JHWH,<LJW,<L,,0,prep,,,det,,,,<L,,,
1905635,NWX[,1Qisaa,Isaiah,30,32,JNJX,W HJH KWL M<BR MVH MWSDW >CR JNJX JHWH <LJW B TPJM W B KNRWT W B MLXMWT TNWPH NLXM BH,0 000 000 0000 000 000000 000 0000 0000 00000 0 0000 0 0 00000 0 0 000000 00000 0000 000 00,hifil,impf,>CR JNJX JHWH <LJW,JHWH,<LJW,<L,,0,prep,,,det,,,,<L,,,
222463,JRD[,MT,Isaiah,31,1,JRDJM,HWJ H JRDJM MYRJM L <ZRH <L SWSJM JC<NW W JBVXW <L RKB KJ RB W <L PRCJM KJ <YMW M>D W L> C<W <L QDWC JFR>L W >T JHWH L> DRCW,,qal,ptca,H JRDJM MYRJM L <ZRH,,MYRJM,MYRJM/,,0,vc,topo,inanim,det,nmpr,,,,,,
1905679,JRD[,1Qisaa,Isaiah,31,1,JWRDJM,HWJ H JWRDJM L MYRJM L <ZRH <L SWSJM JC<NW W JBVXW <L H RKB KJ RB W <L PRCJM KJ <YMW M>DH W LW> C<W >L QDWC JFR>L W >T JHWH LW> DRCW,000 0 000000 0 00000 0 0000 00 00000 00000 0 00000 00 0 000 00 00 0 00 00000 00 0000 00000 0 000 000 00 0000 00000 0 00 0000 000 0000 00,qal,ptca,H JWRDJM L MYRJM L <ZRH,,MYRJM,no complement,,0,,,,,,,,,,,
222498,BW>[,MT,Isaiah,31,2,JB>,W GM HW> XKM W JB> R< W >T DBRJW L> HSJR W QM <L BJT MR<JM W <L <ZRT P<LJ >WN,,hif,wayq,W JB> R<,,no complement,no complement,,,,,,,,,,,,,
222504,SWR[,MT,Isaiah,31,2,HSJR,W GM HW> XKM W JB> R< W >T DBRJW L> HSJR W QM <L BJT MR<JM W <L <ZRT P<LJ >WN,,hif,perf,W >T DBRJW L> HSJR,,no complement,no complement,,,,,,,,,,,,,
1905717,BW>[,1Qisaa,Isaiah,31,2,JBJ>,W GM HW> XKM W JBJ> R< W >T DBRJW LW> HSJR W QM <L BJT MR<JM W <L <ZRT PW<LJ >WN,0 00 000 000 0 0000 00 0 00 000000 000 0000 0 00 00 000 00000 0 00 0000 00000 000 00,hifil,wayy,W JBJ> R<,,no complement,no complement,,,,,,,,,,,,,
1905723,SWR[,1Qisaa,Isaiah,31,2,HSJR,W GM HW> XKM W JBJ> R< W >T DBRJW LW> HSJR W QM <L BJT MR<JM W <L <ZRT PW<LJ >WN,0 00 000 000 0 0000 00 0 00 000000 000 0000 0 00 00 000 00000 0 00 0000 00000 000 00,hifil,perf,W >T DBRJW LW> HSJR,,no complement,no complement,,,,,,,,,,,,,
222535,NPL[,MT,Isaiah,31,3,NPL,W MYRJM >DM W L> >L W SWSJHM BFR W L> RWX W JHWH JVH JDW W KCL <WZR W NPL <ZR W JXDW KLM JKLJWN,,qal,perf,W NPL <ZR,<ZR,no complement,no complement,,,,,,,,,,,,,
1905755,NPL[,1Qisaa,Isaiah,31,3,NPL,W MYRJM >DM W LW> >L W SWSJHMH BFR W LW> >RJH W JHWH JVH JDW W KCL <WZR W NPL <ZR JXDW KWLM JKLJWN,0 00000 000 0 000 00 0 00000000 000 0 000 0000 0 0000 000 0000 0 000 0000 0 000 000 0000 00000 0000000 00,qal,perf,,,no complement,no complement,,,,,,,,,,,,,
222571,JRD[,MT,Isaiah,31,4,JRD,KJ KH >MR JHWH >LJ K >CR JHGH H >RJH W H KPJR <L VRPW >CR JQR> <LJW ML> R<JM M QWLM L> JXT W M HMWNM L> J<NH KN JRD JHWH YB>WT L YB> <L HR YJWN W <L GB<TH,,qal,impf,KN JRD JHWH YB>WT <L HR YJWN W <L GB<TH,JHWH YB>WT,no complement,no complement,,,,,,,,,,,,,
1905792,JRD[,1Qisaa,Isaiah,31,4,JRD,KJ KH >MR JHWH >LJ K >CR JHGH H >RJH W H KPJR <L VRPJW >CR JQR> >LJW ML>W RW<JM M QWLM LW> JXT W M HMWNM LW> JXT J<NH KN JRD JHWH YB>WT L YB> <L HR YJWN W <L GB<TH,00 00 000 0000 0000 0 000 0000 0 0000 0 0 0000 00 000000 000 0000 00000 0000 00000 0 00000 000 000 0 0 000000 000 000 0000 00 000 0000 00000 0 000 00 00 0000 0 00 000000 00,qal,impf,,,no complement,no complement,,,,,,,,,,,,,
222584,<WP[,MT,Isaiah,31,5,<PWT,K YPRJM <PWT KN JGN JHWH YB>WT <L JRWCLM GNWN W HYJL PSX W HMLJV,,qal,ptca,K YPRJM <PWT,,no complement,no complement,,,,,,,,,,,,,
1905806,<WP[,1Qisaa,Isaiah,31,5,<PWT,K YPWRJM <PWT KN JGN JHWH YB>WT <L JRWCLM GNWN W HYJL W PSX W HPLJV,0 000000 0000 00 000 0000 00000 00 000000 0000 0 0000 0 000 0 00000 00,qal,ptca,,,no complement,no complement,,,,,,,,,,,,,
222597,CWB[,MT,Isaiah,31,6,CWBW,CWBW L >CR H<MJQW SRH BNJ JFR>L,,qal,impv,CWBW,,no complement,no complement,,,,,,,,,,,,,
1905821,CWB[,1Qisaa,Isaiah,31,6,CWBJW,CWBJW L >CR L >CR H<MJQW SRH BNJ JFR>L,00000 0 000 0 000 000000 000 000 00000 00,qal,impv,,,no complement,no complement,,,,,,,,,,,,,
222635,NWS[,MT,Isaiah,31,8,NS,W NPL >CWR B XRB L> >JC W XRB L> >DM T>KLNW W NS LW M PNJ XRB W BXWRJW L MS JHJW,,qal,perf,W NS LW M PNJ XRB,,M PNJ XRB,MN PNH/ XRB/,,0,prep,,,und,subs subs,,,MN,,,
222623,NPL[,MT,Isaiah,31,8,NPL,W NPL >CWR B XRB L> >JC W XRB L> >DM T>KLNW W NS LW M PNJ XRB W BXWRJW L MS JHJW,,qal,perf,W NPL >CWR B XRB L> >JC,>CWR,no complement,no complement,,,,,,,,,,,,,
1905850,NPL[,1Qisaa,Isaiah,31,8,NPL,W NPL >CWR B XRB LW> >JC W XRB LW> >DM T>KWLNW W NS W LW> M PNJ XRB W BXWRJW L MS JHJW,0 000 0000 0 000 000 000 0 000 000 000 00000000 0 00 0 000 0 000 000 0 0000000 0 00 0000 00,qal,perf,,,no complement,no complement,,,,,,,,,,,,,
1905862,NWS[,1Qisaa,Isaiah,31,8,NS,W NPL >CWR B XRB LW> >JC W XRB LW> >DM T>KWLNW W NS W LW> M PNJ XRB W BXWRJW L MS JHJW,0 000 0000 0 000 000 000 0 000 000 000 00000000 0 00 0 000 0 000 000 0 0000000 0 00 0000 00,qal,perf,W NS W LW> M PNJ XRB,,????,no complement,,,,,,,,,,,,,
222649,<BR[,MT,Isaiah,31,9,J<BWR,W SL<W M MGWR J<BWR W XTW M NS FRJW N>M JHWH >CR >WR LW B YJWN W TNWR LW B JRWCLM,,qal,impf,W SL<W M MGWR J<BWR,SL<W,M MGWR,MN MGWR/,,0,prep,,,und,subs,,,MN,,,
1905878,<BR[,1Qisaa,Isaiah,31,9,J<BWR,W SL<W M MGWR J<BWR W XTW MNWS FRJW NW>M JHWH >CR >WR LW B YJWN W TNWR LW B JRWCLM,0 00000 0 0000 00000 0 000 0000 00000 0000 0000 000 000 000 0 0000 0 0000 000 0 000000 00,qal,impf,W SL<W M MGWR J<BWR,SL<W,M MGWR,no complement,,0,,,,,,,,MN,,,
222710,MHR[,MT,Isaiah,32,4,NMHRJM,W LBB NMHRJM JBJN L D<T W LCWN <LGJM TMHR L DBR YXWT,,nif,ptca,W LBB NMHRJM JBJN L D<T,LBB NMHRJM,no complement,no complement,,,,,,,,,,,,,
222717,MHR[,MT,Isaiah,32,4,TMHR,W LBB NMHRJM JBJN L D<T W LCWN <LGJM TMHR L DBR YXWT,,piel,impf,W LCWN <LGJM TMHR,LCWN <LGJM,no complement,no complement,,,,,,,,,,,,,
1905942,MHR[,1Qisaa,Isaiah,32,4,NMHRJM,W LBB NMHRJM JBJN L D<T W LCWN <LGJM TMHR L DBR YWXWT,0 000 000000 0000 0 000 0 0000 00000 0000 0 000 00000 00,nifal,ptca,,,no complement,no complement,,,,,,,,,,,,,
1905949,MHR[,1Qisaa,Isaiah,32,4,TMHR,W LBB NMHRJM JBJN L D<T W LCWN <LGJM TMHR L DBR YWXWT,0 000 000000 0000 0 000 0 0000 00000 0000 0 000 00000 00,piel,impf,,,no complement,no complement,,,,,,,,,,,,,
222804,BW>[,MT,Isaiah,32,10,JBW>,JMJM <L CNH TRGZNH BVXWT KJ KLH BYJR >SP BLJ JBW>,,qal,impf,BLJ JBW>,,no complement,no complement,,,,,,,,,,,,,
1906044,BW>[,1Qisaa,Isaiah,32,10,JBW>,JMJM <L CNH TRGZNH H BWVXWT KJ KLH BYJR >SP BL JBW>,0000 00 000 000000 0 000000 00 000 0000 000 00 0000 00,qal,impf,,,no complement,no complement,,,,,,,,,,,,,
222830,<LH[,MT,Isaiah,32,13,T<LH,<L >DMT <MJ QWY CMJR T<LH KJ <L KL BTJ MFWF QRJH <LJZH,,qal,impf,QWY CMJR T<LH,QWY CMJR,no complement,no complement,,,,,,,,,,,,,
1906075,<LH[,1Qisaa,Isaiah,32,13,T<LH,<L >DMT <MJ QWY W CMJR T<LH KJ <L KWL BTJ MFWF QRJH <LJZH,00 0000 0000 000 0 0000 0000 00 00 000 000 0000 0000 00000 00,qal,impf,,,no complement,no complement,,,,,,,,,,,,,
222919,JRD[,MT,Isaiah,32,19,RDT,W BRD B RDT H J<R W B CPLH TCPL H <JR,,qal,infc,B RDT H J<R,H J<R,no complement,no complement,,,,,,,,,,,,,
1906167,JRD[,1Qisaa,Isaiah,32,19,RDT,W BRD B RDT H J<R W B CPLH TCPL H J<R,0 000 0 000 0 000 0 0 0000 0000 0 000 00,qal,infc,,,no complement,no complement,,,,,,,,,,,,,
1921307,JRD[,1Q8,Isaiah,32,19,RDT,W BRD B RDT H J<R W B CPLH TCPL H <JR,0 000 0 000 0 000 0 0 0000 0000 0 000 00,qal,infc,,,no complement,no complement,,,,,,,,,,,,,
222995,CQQ[,MT,Isaiah,33,4,CWQQ,W >SP CLLKM >SP H XSJL K MCQ GBJM CWQQ BW,,qal,ptca,K MCQ GBJM CWQQ BW,,BW,B,,0,prep,,,det,,,,B,,,
1906247,CQQ[,1Qisaa,Isaiah,33,4,CQQ,W >SP CLLKM >SP H XSJL MCQ GBJM CQQ BW,0 000 000000 000 0 0000 000 0000 000 000 00,qal,ptca,MCQ GBJM CQQ BW,,BW,no complement,,0,,,,,,,,B,,,
223031,<BR[,MT,Isaiah,33,8,<BR,NCMW MSLWT CBT <BR >RX HPR BRJT M>S <RJM L> XCB >NWC,,qal,ptca,CBT <BR >RX,<BR >RX,no complement,no complement,,,,,,,,,,,,,
1906287,<BR[,1Qisaa,Isaiah,33,8,<WBR,NCMW MSLWT CBT <WBR >RX HPR BRJT M>S <DJM LW> XCB >NWC,0000 00000 000 0000 000 000 0000 000 0000 000 000 0000 00,qal,ptca,,,no complement,no complement,,,,,,,,,,,,,
223108,HLK[,MT,Isaiah,33,15,HLK,HLK YDQWT W DBR MJCRJM M>S B BY< M<CQWT N<R KPJW M TMK B CXD >VM >ZNW M CM< DMJM W <YM <JNJW M R>WT B R<,,qal,ptca,HLK YDQWT,,no complement,no complement,,,,,,,,,,,,,
1906369,HLK[,1Qisaa,Isaiah,33,15,HWLWK,HWLWK YDQWT W JDBR MJCRJM M>S B BY< M<CQWT N<R KPW M TMK B CXWD >WVM >WZNJW M CMW< DMJM J<YM <JNJW M R>WT B R<,00000 00000 0 0000 000000 000 0 000 000000 000 0000 0 000 0 0000 0000 0000000 0 0000 0000 0000 000000 0 0000 0 00 00,qal,ptca,,,no complement,no complement,,,,,,,,,,,,,
223193,NS<[,MT,Isaiah,33,20,JS<,XZH YJWN QRJT MW<DNW <JNJK TR>JNH JRWCLM NWH C>NN >HL BL JY<N BL JS< JTDTJW L NYX W KL XBLJW BL JNTQW,,qal,impf,BL JS< JTDTJW L NYX,,no complement,no complement,,,,,,,,,,,,,
1906456,NS<[,1Qisaa,Isaiah,33,20,JS<,XZH YJWN QRJT MW<DJNW <JNJK TR>JNH JRWCLM NWH C>NN >HL BL JY<N BL JS< JTDWTW L NYX W KWL XBLJW BL JNTQW,000 0000 0000 00000000 000000 000000 000000 000 0000 000 00 0000 00 000 0000000 0 000 0 000 000000 00 00000 00,qal,impf,BL JS< JTDWTW L NYX,,no complement,no complement,,,,,,,,,,,,,
223214,HLK[,MT,Isaiah,33,21,TLK,KJ >M CM >DJR JHWH LNW MQWM NHRJM J>RJM RXBJ JDJM BL TLK BW >NJ CJV W YJ >DJR L> J<BRNW,,qal,impf,BL TLK BW >NJ CJV,>NJ CJV,BW,B,,0,prep,,,det,,,,B,,,
223222,<BR[,MT,Isaiah,33,21,J<BRNW,KJ >M CM >DJR JHWH LNW MQWM NHRJM J>RJM RXBJ JDJM BL TLK BW >NJ CJV W YJ >DJR L> J<BRNW,,qal,impf,W YJ >DJR L> J<BRNW,YJ >DJR,no complement,no complement,,,,,,,,,,,,,
1906478,HLK[,1Qisaa,Isaiah,33,21,TLB,KJ >M CM >DJR JHWH LNW MQWM NHRWT J>RJM RXBJ JDJM BL TLB BW >NJ CV W YJ >DJR LW> J<BRNW,00 00 00 0000 0000 0000 0000 00000 00000 0000 0000 00 000 000 000 00 0 00 0000 000 0000000 00,qal,impf,BL TLB BW >NJ CV,>NJ CV,BW,B,,0,prep,,,det,,,,B,,,
1906486,<BR[,1Qisaa,Isaiah,33,21,J<BRNW,KJ >M CM >DJR JHWH LNW MQWM NHRWT J>RJM RXBJ JDJM BL TLB BW >NJ CV W YJ >DJR LW> J<BRNW,00 00 00 0000 0000 0000 0000 00000 00000 0000 0000 00 000 000 000 00 0 00 0000 000 0000000 00,qal,impf,W YJ >DJR LW> J<BRNW,YJ >DJR,no complement,no complement,,,,,,,,,,,,,
223261,QRB[,MT,Isaiah,34,1,QRBW,QRBW GWJM L CM< W L>MJM HQCJBW TCM< H >RY W ML>H TBL W KL Y>Y>JH,,qal,impv,QRBW,,no complement,no complement,,,,,,,,,,,,,
1906532,QRB[,1Qisaa,Isaiah,34,1,QRWBW,QRWBW GW>JM L CMW< W L>WMJM HQCJBW TCM< H >RY W MLW>H TBL W KWL Y>Y>JH,00000 00000 0 0000 0 000000 000000 0000 0 000 0 000000 000 0 000 0000000 00,qal,impv,QRWBW,,no complement,no complement,,,,,,,,,,,,,
223300,<LH[,MT,Isaiah,34,3,J<LH,W XLLJHM JCLKW W PGRJHM J<LH B>CM W NMSW HRJM M DMM,,qal,impf,J<LH B>CM,B>CM,no complement,no complement,,,,,,,,,,,,,
1906573,<LH[,1Qisaa,Isaiah,34,3,J<LH,W XLLJHM JWCLKW W PGRJHMH J<LH B>WCMH W NMSW H HRJM M DMM,0 0000000 000000 0 00000000 0000 0000000 0 0000 0 0000 0 0000 00,qal,impf,,,no complement,no complement,,,,,,,,,,,,,
223314,GLL[,MT,Isaiah,34,4,NGLW,W NMQW KL YB> H CMJM W NGLW K SPR H CMJM W KL YB>M JBWL K NBL <LH M GPN W K NBLT M T>NH,,nif,perf,W NGLW K SPR H CMJM,H CMJM,no complement,no complement,,,,,,,,,,,,,
1906591,NPL[,1Qisaa,Isaiah,34,4,JPWLW,W H <MQJM JTBQ<W W KWL YB> H CMJM JPWLW W NGLW K SPR H CMJM W KWL YB>M JBWL K NWBL <LH M GWPN W K NWBLT MN T>NH,0 0 00000 000000 0 000 000 0 0000 00000 0 0000 0 000 0 0000 0 000 00000 0000 0 0000 000 0 0000 0 0 00000 00 0000 00,qal,impf,,,no complement,no complement,,,,,,,,,,,,,
1906593,GLL[,1Qisaa,Isaiah,34,4,NGLW,W H <MQJM JTBQ<W W KWL YB> H CMJM JPWLW W NGLW K SPR H CMJM W KWL YB>M JBWL K NWBL <LH M GWPN W K NWBLT MN T>NH,0 0 00000 000000 0 000 000 0 0000 00000 0 0000 0 000 0 0000 0 000 00000 0000 0 0000 000 0 0000 0 0 00000 00 0000 00,nifal,perf,,,no complement,no complement,,,,,,,,,,,,,
223343,JRD[,MT,Isaiah,34,5,TRD,KJ RWTH B CMJM XRBJ HNH <L >DWM TRD W <L <M XRMJ L MCPV,,qal,impf,HNH <L >DWM TRD,,<L >DWM,<L >DWM/,,0,prep,topo,inanim,det,nmpr,,,<L,,,
1906621,JRD[,1Qisaa,Isaiah,34,5,TRD,KJ> TR>H B CMJM XRBJ> HNH <L >DWM TRD W <L <M XRMJ L MCPV,000 0000 0 0000 000000 000 00 0000 000 0 00 00 00000 0 0000 00,qal,impf,HNH <L >DWM TRD,,<L >DWM,no complement,,0,,,,,,,,<L,,,
223380,JRD[,MT,Isaiah,34,7,JRDW,W JRDW R>MJM <MM W PRJM <M >BJRJM W RWTH >RYM M DM W <PRM M XLB JDCN,,qal,perf,W JRDW R>MJM <MM,R>MJM,no complement,no complement,,,,,,,,,,,,,
1906660,JRD[,1Qisaa,Isaiah,34,7,JRDW,W JRDW R>MJM <MM W PRJM <M >BJRJM W RWTH >RYMH M DM W <PRM M XLB JDCN,0 0000 00000 0000 0 0000 00 000000 0 0000 000000 0 00 0 00000 0 000 0000 00,qal,perf,W JRDW R>MJM <MM,R>MJM,no complement,no complement,,,,,,,,,,,,,
223440,<BR[,MT,Isaiah,34,10,<BR,LJLH W JWMM L> TKBH L <WLM J<LH <CNH M DWR L DWR TXRB L NYX NYXJM >JN <BR BH,,qal,ptca,L NYX NYXJM >JN <BR BH,,BH,B,,0,prep,,,det,,,,B,,,
223429,<LH[,MT,Isaiah,34,10,J<LH,LJLH W JWMM L> TKBH L <WLM J<LH <CNH M DWR L DWR TXRB L NYX NYXJM >JN <BR BH,,qal,impf,L <WLM J<LH <CNH,<CNH,no complement,no complement,,,,,,,,,,,,,
1906715,<LH[,1Qisaa,Isaiah,34,10,<LH,LJLH W JWMM W LW> TKWBH L <WLM W <LH <CNH M DWR L DWR W TXRB L NYX NYXJM W >JN <WBR BH>,0000 0 0000 0 000 00000 0 0000 0 000 00000 0 000 0 000 0 0000 0 000 00000 0 000 0000 0000 00,qal,perf,,,no complement,no complement,,,,,,,,,,,,,
1906728,<BR[,1Qisaa,Isaiah,34,10,<WBR,LJLH W JWMM W LW> TKWBH L <WLM W <LH <CNH M DWR L DWR W TXRB L NYX NYXJM W >JN <WBR BH>,0000 0 0000 0 000 00000 0 0000 0 000 00000 0 000 0 000 0 0000 0 000 00000 0 000 0000 0000 00,qal,ptca,L NYX NYXJM W >JN <WBR BH>,,BH>,no complement,,0,,,,,,,,B,,,
223473,<LH[,MT,Isaiah,34,13,<LTH,W <LTH >RMNTJH SJRJM QMWF W XWX B MBYRJH W HJTH NWH TNJM XYJR L BNWT J<NH,,qal,perf,W <LTH >RMNTJH SJRJM,SJRJM,no complement,no complement,,,,,,,,,,,,,
1906767,<LH[,1Qisaa,Isaiah,34,13,<LTH,W <LTH >RMWNWTJH SJRJM QMWF W XWX B MBYRJH> W HJJTH NWH TNJM XYR L BNWT J<NH,0 0000 0000000000 00000 0000 0 000 0 00000000 0 00000 000 0000 000 0 0000 0000 00,qal,perf,W <LTH >RMWNWTJH SJRJM,SJRJM,no complement,no complement,,,,,,,,,,,,,
223550,NPL[,MT,Isaiah,34,17,HPJL,W HW> HPJL LHN GWRL W JDW XLQTH LHM B QW <D <WLM JJRCWH L DWR W DWR JCKNW BH,,hif,perf,W HW> HPJL LHN GWRL,HW>,no complement,no complement,,,,,,,,,,,,,
1906846,NPL[,1Qisaa,Isaiah,34,17,HPJL,W HW>H HPJL LHNH GWRL W JDJW XLQT LHMNH B QW <D <WLM JRCWH > L DWR W DWR JCKNW BH,0 0000 0000 00000 0000 0 00000 0000 000000 0 00 00 0000 000000 0 0 000 0 000 00000 000 00,hifil,perf,,,no complement,no complement,,,,,,,,,,,,,
223614,MHR[,MT,Isaiah,35,4,NMHRJ,>MRW L NMHRJ LB XZQW >L TJR>W HNH >LHJKM NQM JBW> GMWL >LHJM HW> JBW> W JC<KM,,nif,ptca,>MRW L NMHRJ LB,,L NMHRJ LB,L MHR[ LB/,,0,prep,,,und,subs,,,L,,,
223622,BW>[,MT,Isaiah,35,4,JBW>,>MRW L NMHRJ LB XZQW >L TJR>W HNH >LHJKM NQM JBW> GMWL >LHJM HW> JBW> W JC<KM,,qal,impf,HNH >LHJKM NQM JBW> GMWL >LHJM,>LHJKM,no complement,no complement,,,,,,,,,,,,,
223626,BW>[,MT,Isaiah,35,4,JBW>,>MRW L NMHRJ LB XZQW >L TJR>W HNH >LHJKM NQM JBW> GMWL >LHJM HW> JBW> W JC<KM,,qal,impf,HW> JBW>,HW>,no complement,no complement,,,,,,,,,,,,,
1906914,MHR[,1Qisaa,Isaiah,35,4,NMHRJ,>MRW L NMHRJ LB XZQW >L TJR>W HNH >LWHKMH NQM JBJ> GMWL >LWHJM HW>H JBJ> W JWC<KMH,0000 0 00000 00 0000 00 00000 000 00000000 000 0000 0000 000000 0000 0000 0 00000000 00,nifal,ptca,>MRW L NMHRJ LB,,L NMHRJ LB,L MHR[ LB/,,0,prep,,,und,subs,,,L,,,
1906922,BW>[,1Qisaa,Isaiah,35,4,JBJ>,>MRW L NMHRJ LB XZQW >L TJR>W HNH >LWHKMH NQM JBJ> GMWL >LWHJM HW>H JBJ> W JWC<KMH,0000 0 00000 00 0000 00 00000 000 00000000 000 0000 0000 000000 0000 0000 0 00000000 00,hifil,impf,,,no complement,no complement,,,,,,,,,,,,,
1906926,BW>[,1Qisaa,Isaiah,35,4,JBJ>,>MRW L NMHRJ LB XZQW >L TJR>W HNH >LWHKMH NQM JBJ> GMWL >LWHJM HW>H JBJ> W JWC<KMH,0000 0 00000 00 0000 00 00000 000 00000000 000 0000 0000 000000 0000 0000 0 00000000 00,hifil,impf,,,no complement,no complement,,,,,,,,,,,,,
1921340,BW>[,1Q8,Isaiah,35,4,JBW>,XZQW >L TJR>W HNH >LHJKM NQM JBW> GMWL >LHJM HW> JBW> W JC<KM,0000 00 00000 000 0000000 000 0000 0000 00000 000 0000 0 000000 00,qal,impf,,,no complement,no complement,,,,,,,,,,,,,
1921344,BW>[,1Q8,Isaiah,35,4,JBW>,XZQW >L TJR>W HNH >LHJKM NQM JBW> GMWL >LHJM HW> JBW> W JC<KM,0000 00 00000 000 0000000 000 0000 0000 00000 000 0000 0 000000 00,qal,impf,,,no complement,no complement,,,,,,,,,,,,,
223638,DLG[,MT,Isaiah,35,6,JDLG,>Z JDLG K >JL PSX W TRN LCWN >LM KJ NBQ<W B MDBR MJM W NXLJM B <RBH,,piel,impf,>Z JDLG K >JL PSX,PSX,no complement,no complement,,,,,,,,,,,,,
1906940,DLG[,1Qisaa,Isaiah,35,6,JDLG,>Z JDLG K >J>L PSX W TRWN LCWN >LM KJ> NBQ<W B MDBR MJM W NXLJM B <RBH JLKW,00 0000 0 0000 000 0 0000 0000 000 000 00000 0 0000 000 0 00000 0 0000 0000 00,piel,impf,,,no complement,no complement,,,,,,,,,,,,,
1906957,HLK[,1Qisaa,Isaiah,35,6,JLKW,>Z JDLG K >J>L PSX W TRWN LCWN >LM KJ> NBQ<W B MDBR MJM W NXLJM B <RBH JLKW,00 0000 0 0000 000 0 0000 0000 000 000 00000 0 0000 000 0 00000 0 0000 0000 00,qal,impf,W NXLJM B <RBH JLKW,,B <RBH,no complement,,0,,,,,,,,B,,,
1921358,DLG[,1Q8,Isaiah,35,6,JDLG,>Z JDLG K >JL PSX W TRN LCWN >LM KJ NBQ<W B MDBR MJM W NXLJM B <RBH,00 0000 0 000 000 0 000 0000 000 00 00000 0 0000 000 0 00000 0 0000 00,piel,impf,,,no complement,no complement,,,,,,,,,,,,,
223691,<BR[,MT,Isaiah,35,8,J<BRNW,W HJH CM MSLWL W DRK W DRK H QDC JQR> LH L> J<BRNW VM> W HW> LMW HLK DRK W >WJLJM L> JT<W,,qal,impf,L> J<BRNW VM>,VM>,no complement,no complement,,,,,,,,,,,,,
223696,HLK[,MT,Isaiah,35,8,HLK,W HJH CM MSLWL W DRK W DRK H QDC JQR> LH L> J<BRNW VM> W HW> LMW HLK DRK W >WJLJM L> JT<W,,qal,ptca,HLK DRK W >WJLJM L> JT<W,HLK DRK W >WJLJM,no complement,no complement,,,,,,,,,,,,,
223701,T<H[,MT,Isaiah,35,8,JT<W,W HJH CM MSLWL W DRK W DRK H QDC JQR> LH L> J<BRNW VM> W HW> LMW HLK DRK W >WJLJM L> JT<W,,qal,impf,HLK DRK W >WJLJM L> JT<W,HLK DRK W >WJLJM,no complement,no complement,,,,,,,,,,,,,
1906991,<BR[,1Qisaa,Isaiah,35,8,J<WBWRNH,JHJH CMH CMH MSWLL W DRK H QWDC JQR>W LH LW> J<WBWRNH VMH HW>H W L MJ HWLK DRK W >WJLJM LW> JT<W,0000 0000 0000 00000 0 000 0 0000 00000 000 000 000000000 000 0000 0 0 00 0000 000 0 000000 000 0000 00,qal,impf,,,no complement,no complement,,,,,,,,,,,,,
1906997,HLK[,1Qisaa,Isaiah,35,8,HWLK,JHJH CMH CMH MSWLL W DRK H QWDC JQR>W LH LW> J<WBWRNH VMH HW>H W L MJ HWLK DRK W >WJLJM LW> JT<W,0000 0000 0000 00000 0 000 0 0000 00000 000 000 000000000 000 0000 0 0 00 0000 000 0 000000 000 0000 00,qal,ptca,,,no complement,no complement,,,,,,,,,,,,,
1907002,T<H[,1Qisaa,Isaiah,35,8,JT<W,JHJH CMH CMH MSWLL W DRK H QWDC JQR>W LH LW> J<WBWRNH VMH HW>H W L MJ HWLK DRK W >WJLJM LW> JT<W,0000 0000 0000 00000 0 000 0 0000 00000 000 000 000000000 000 0000 0 0 00 0000 000 0 000000 000 0000 00,qal,impf,,,no complement,no complement,,,,,,,,,,,,,
223710,<LH[,MT,Isaiah,35,9,J<LNH,L> JHJH CM >RJH W PRJY XJWT BL J<LNH L> TMY> CM W HLKW G>WLJM,,qal,impf,W PRJY XJWT BL J<LNH,PRJY XJWT,no complement,no complement,,,,,,,,,,,,,
223715,HLK[,MT,Isaiah,35,9,HLKW,L> JHJH CM >RJH W PRJY XJWT BL J<LNH L> TMY> CM W HLKW G>WLJM,,qal,perf,W HLKW G>WLJM,G>WLJM,no complement,no complement,,,,,,,,,,,,,
1907013,<LH[,1Qisaa,Isaiah,35,9,J<LNH,LW> JHJH CMH >RJH W PRJY XJWT BL LW> J<LNH W LW> JMY> CM W HLKW G>WLJM,000 0000 0000 0000 0 0000 0000 00 000 000000 0 000 0000 00 0 0000 000000 00,qal,impf,,,no complement,no complement,,,,,,,,,,,,,
1907019,HLK[,1Qisaa,Isaiah,35,9,HLKW,LW> JHJH CMH >RJH W PRJY XJWT BL LW> J<LNH W LW> JMY> CM W HLKW G>WLJM,000 0000 0000 0000 0 0000 0000 00 000 000000 0 000 0000 00 0 0000 000000 00,qal,perf,,,no complement,no complement,,,,,,,,,,,,,
223722,BW>[,MT,Isaiah,35,10,B>W,W PDWJJ JHWH JCBWN W B>W YJWN B RNH W FMXT <WLM <L R>CM FFWN W FMXH JFJGW W NSW JGWN W >NXH,,qal,perf,W B>W YJWN B RNH,,YJWN,YJWN==/,,0,vc,topo,inanim,det,nmpr,,,,,,
223720,CWB[,MT,Isaiah,35,10,JCBWN,W PDWJJ JHWH JCBWN W B>W YJWN B RNH W FMXT <WLM <L R>CM FFWN W FMXH JFJGW W NSW JGWN W >NXH,,qal,impf,W PDWJJ JHWH JCBWN,PDWJJ JHWH,no complement,no complement,,,,,,,,,,,,,
223736,NWS[,MT,Isaiah,35,10,NSW,W PDWJJ JHWH JCBWN W B>W YJWN B RNH W FMXT <WLM <L R>CM FFWN W FMXH JFJGW W NSW JGWN W >NXH,,qal,perf,W NSW JGWN W >NXH,JGWN W >NXH,no complement,no complement,,,,,,,,,,,,,
1907025,CWB[,1Qisaa,Isaiah,35,10,JCWBW,W PDWJJ JHWH JCWBW W B>W YJWN B RWNH W FMXT <WLM <L R>WCM FFWN W FMXH JFJGW BH W NS JGWN W >NXH,0 00000 0000 00000 0 000 0000 0 0000 0 0000 0000 00 000000 0000 0 0000 00000 000 0 00 0000 0 0000 00,qal,impf,,,no complement,no complement,,,,,,,,,,,,,
1907027,BW>[,1Qisaa,Isaiah,35,10,B>W,W PDWJJ JHWH JCWBW W B>W YJWN B RWNH W FMXT <WLM <L R>WCM FFWN W FMXH JFJGW BH W NS JGWN W >NXH,0 00000 0000 00000 0 000 0000 0 0000 0 0000 0000 00 000000 0000 0 0000 00000 000 0 00 0000 0 0000 00,qal,perf,W B>W YJWN B RWNH,,YJWN,no complement,,0,,,,,,,,,,,
1907042,NWS[,1Qisaa,Isaiah,35,10,NS,W PDWJJ JHWH JCWBW W B>W YJWN B RWNH W FMXT <WLM <L R>WCM FFWN W FMXH JFJGW BH W NS JGWN W >NXH,0 00000 0000 00000 0 000 0000 0 0000 0 0000 0000 00 000000 0000 0 0000 00000 000 0 00 0000 0 0000 00,qal,perf,,,no complement,no complement,,,,,,,,,,,,,
223750,<LH[,MT,Isaiah,36,1,<LH,W JHJ B >RB< <FRH CNH L MLK XZQJHW <LH SNXRJB MLK >CWR <L KL <RJ JHWDH H BYRWT W JTPFM,,qal,perf,<LH SNXRJB MLK >CWR <L KL <RJ JHWDH H BYRWT,SNXRJB MLK >CWR,<L KL <RJ JHWDH H BYRWT,<L KL/ <JR/ JHWDH/ H BYWR/,,0,prep,"pers,gens,topo",,det,subs subs nmpr,,,<L,,,
1907056,<LH[,1Qisaa,Isaiah,36,1,<LH,W JHJ B >RB< <FRH CNH L MLK XZQJH <LH SNXRJB MLK >CWR <L KWL <RJ JHWDH H BYWRWT W JTPWFM,0 000 0 0000 0000 000 0 000 00000 000 000000 000 0000 00 000 000 00000 0 000000 0 0000000 00,qal,perf,<LH SNXRJB MLK >CWR <L KWL <RJ JHWDH H BYWRWT, SNXRJB MLK >CWR,<L KWL <RJ JHWDH H BYWRWT,no complement,,0,,,,,,,,<L,,,
223791,JY>[,MT,Isaiah,36,3,JY>,W JY> >LJW >LJQJM BN XLQJHW >CR <L H BJT W CBN> H SPR W JW>X BN >SP H MZKJR,,qal,wayq,W JY> >LJW >LJQJM BN XLQJHW W CBN> H SPR W JW>X BN >SP H MZKJR,>LJQJM BN XLQJHW W CBN> H SPR W JW>X BN >SP H MZKJR,>LJW,>L,,0,prep,,,det,,,,>L,,,
1907101,JY>[,1Qisaa,Isaiah,36,3,JY>,W JY> >LJW >LJQJM BN XLQJH >CR <L H BJT W CWBN> H SWPR W JW>X BN >SP H MZKJR,0 000 00000 000000 00 00000 000 00 0 000 0 00000 0 0000 0 0000 00 000 0 00000 00,qal,wayy,W JY> >LJW >LJQJM BN XLQJH >CR <L H BJT W CWBN> H SWPR W JW>X BN >SP H MZKJR,>LJQJM BN XLQJH >CR <L H BJT W CWBN> H SWPR W JW>X BN >SP H MZKJR,>LJW,>L,,0,prep,,,det,,,,>L,,,
223867,BW>[,MT,Isaiah,36,6,B>,HNH BVXT <L MC<NT H QNH H RYWY H ZH <L MYRJM >CR JSMK >JC <LJW W B> B KPW W NQBH KN PR<H MLK MYRJM L KL H BVXJM <LJW,,qal,perf,W B> B KPW,,B KPW,B KP/,,0,prep,,,det,subs,,,B,,,
1907184,BW>[,1Qisaa,Isaiah,36,6,B>,HNH BVXTH <L MC<NT H QNH H RYWY H ZH <L MYRJM >CR JSMK >JC <LJW W B> B KPW W NQBH KN PR<WH MLK MYRJM L KWL H BWVXJM <LJW,000 00000 00 00000 0 000 0 0000 0 00 00 00000 000 0000 000 00000 0 00 0 0000 0 00000 00 00000 000 00000 0 000 0 000000 00000 00,qal,perf,W B> B KPW,,B KPW,B KP/,,0,prep,,,det,subs,,,B,,,
223893,SWR[,MT,Isaiah,36,7,HSJR,W KJ T>MR >LJ >L JHWH >LHJNW BVXNW H LW> HW> >CR HSJR XZQJHW >T BMTJW W >T MZBXTJW W J>MR L JHWDH W L JRWCLM L PNJ H MZBX H ZH TCTXWW,,hif,perf,>CR HSJR XZQJHW >T BMTJW W >T MZBXTJW,XZQJHW,no complement,no complement,,,,,,,,,,,,,
1907211,SWR[,1Qisaa,Isaiah,36,7,HSJR,W KJ> TW>MRW >LJ <L JHWH >LWHJNW BVXNW H LW> HW>H >CR HSJR XZQJH >T BMWTJW W >T MZBXWTJW W JW>MR L JHWDH W L JRWCLJM L PNJ H MZBX H ZH TCTXWW B JRWCLJM,0 000 000000 0000 00 0000 00000000 00000 0 000 0000 000 0000 00000 00 0000000 0 00 000000000 0 00000 0 00000 0 0 0000000 0 000 0 0000 0 00 000000 0 0000000 00,hifil,perf,,,no complement,no complement,,,,,,,,,,,,,
223937,CWB[,MT,Isaiah,36,9,TCJB,W >JK TCJB >T PNJ PXT >XD <BDJ >DNJ H QVNJM W TBVX LK <L MYRJM L RKB W L PRCJM,,hif,impf,W >JK TCJB >T PNJ PXT >XD <BDJ >DNJ H QVNJM,,no complement,no complement,,,,,,,,,,,,,
1907259,CWB[,1Qisaa,Isaiah,36,9,TCJB,W >JKH TCJB >T PNJ PXT >XD M <BDJ >DWNJ H QVNJM W TBVX LKM <L MYRJM L RKB W L PRCJM,0 0000 0000 00 000 000 000 0 0000 000000 0 00000 0 0000 0000 00 00000 0 000 0 0 00000 00,hifil,impf,,,no complement,no complement,,,,,,,,,,,,,
223962,<LH[,MT,Isaiah,36,10,<LJTJ,W <TH H M BL<DJ JHWH <LJTJ <L H >RY H Z>T L HCXJTH JHWH >MR >LJ <LH >L H >RY H Z>T W HCXJTH,,qal,perf,H M BL<DJ JHWH <LJTJ <L H >RY H Z>T,,<L H >RY H Z>T,<L H >RY/ H Z>T,,0,prep,,,det,subs,,,<L,,,
223973,<LH[,MT,Isaiah,36,10,<LH,W <TH H M BL<DJ JHWH <LJTJ <L H >RY H Z>T L HCXJTH JHWH >MR >LJ <LH >L H >RY H Z>T W HCXJTH,,qal,impv,<LH >L H >RY H Z>T,,>L H >RY H Z>T,>L H >RY/ H Z>T,,0,prep,,,det,subs,,,>L,,,
1907286,<LH[,1Qisaa,Isaiah,36,10,<LJTJ,W <TH H M BL<DJ JHWH <LJTJ <L H >RY H ZW>T L HCXJTH JHWH >MR >LJ <LH >L H >RY H ZWT L HCXJTH,0 000 0 0 00000 0000 00000 00 0 000 0 0000 0 0000000 0000 000 0000 000 00 0 000 0 000 0 0000000 00,qal,perf,H M BL<DJ JHWH <LJTJ <L H >RY H ZW>T,,<L H >RY H ZW>T,no complement,,0,,,,,,,,<L,,,
1907297,<LH[,1Qisaa,Isaiah,36,10,<LH,W <TH H M BL<DJ JHWH <LJTJ <L H >RY H ZW>T L HCXJTH JHWH >MR >LJ <LH >L H >RY H ZWT L HCXJTH,0 000 0 0 00000 0000 00000 00 0 000 0 0000 0 0000000 0000 000 0000 000 00 0 000 0 000 0 0000000 00,qal,impv,<LH >L H >RY H ZWT,,>L H >RY H ZWT,no complement,,0,,,,,,,,>L,,,
224119,JY>[,MT,Isaiah,36,16,Y>W,>L TCM<W >L XZQJHW KJ KH >MR H MLK >CWR <FW >TJ BRKH W Y>W >LJ W >KLW >JC GPNW W >JC T>NTW W CTW >JC MJ BWRW,,qal,impv,W Y>W >LJ,,>LJ,>L,,0,prep,,,det,,,,>L,,,
1907455,JY>[,1Qisaa,Isaiah,36,16,Y>W,>L TCM<W >L XWZQJH KJ> KWH >MR MLK >CWR <FW >TJ BRKH W Y>W >LJ W >KWLW >JC >T GPNW W >JC >T TNTW W CTW >JC MJ BWRW,00 00000 00 000000 000 000 000 000 0000 000 0000 0000 0 000 0000 0 00000 000 00 00000 0 000 00 00000 0 000 000 00 00000 00,qal,impv,W Y>W >LJ,,>LJ,no complement,,0,,,,,,,,>L,,,
224134,BW>[,MT,Isaiah,36,17,B>J,<D B>J W LQXTJ >TKM >L >RY K >RYKM >RY DGN W TJRWC >RY LXM W KRMJM,,qal,infc,<D B>J,,no complement,no complement,,,,,,,,,,,,,
1907473,BW>[,1Qisaa,Isaiah,36,17,BW>J,<D BW>J W LQXTJ >TKMH >L >RY K >RYKMH >L >RY DGN W TJRWC >RY LXM W KRMJM,00 00000 0 00000 000000 00 000 0 0000000 00 000 000 0 00000 000 000 0 00000 00,qal,infc,,,no complement,no complement,,,,,,,,,,,,,
224223,BW>[,MT,Isaiah,36,22,JB>,W JB> >LJQJM BN XLQJHW >CR <L H BJT W CBN> H SWPR W JW>X BN >SP H MZKJR >L XZQJHW QRW<J BGDJM W JGJDW LW >T DBRJ RB CQH,,qal,wayq,W JB> >LJQJM BN XLQJHW W CBN> H SWPR W JW>X BN >SP H MZKJR >L XZQJHW QRW<J BGDJM,>LJQJM BN XLQJHW W CBN> H SWPR W JW>X BN >SP H MZKJR,>L XZQJHW,>L XZQJHW/,,0,prep,pers,anim,det,nmpr,,,>L,,,
1907568,BW>[,1Qisaa,Isaiah,36,22,JBW>,W JBW> >LJQJM BN XLQJH >CR <L H BJT W CWBN> H SWPR W JW>X BN >SP H MZKJR >L XWZQJH QRW<J BGDJM W JGJDW LW> >T DBRJ RB CQH,0 0000 000000 00 00000 000 00 0 000 0 00000 0 0000 0 0000 00 000 0 00000 00 000000 00000 00000 0 00000 0000 00 0000 00 000 00,qal,wayy,W JBW> >LJQJM BN XLQJH W CWBN> H SWPR W JW>X BN >SP H MZKJR >L XWZQJH QRW<J BGDJM,>LJQJM BN XLQJH W CWBN> H SWPR W JW>X BN >SP H MZKJR,>L XWZQJH,no complement,,0,,,,,,,,>L,,,
224268,BW>[,MT,Isaiah,37,1,JB>,W JHJ K CM< H MLK XZQJHW W JQR< >T BGDJW W JTKS B FQ W JB> BJT JHWH,,qal,wayq,W JB> BJT JHWH,,BJT JHWH,BJT/ JHWH/,,0,vc,pers,anim,det,subs nmpr,,,,,,
1907614,BW>[,1Qisaa,Isaiah,37,1,JBW>,W JHJ K CMW< XWZQJH H MLK W JQR< >T BGDJW W JTKS B FQ W JBW> BJT JHWH,0 000 0 0000 000000 0 000 0 0000 00 000000 0 0000 0 00 0 0000 000 0000 00,qal,wayy,W JBW> BJT JHWH,,BJT JHWH,no complement,,0,,,,,,,,,,,
224316,BW>[,MT,Isaiah,37,3,B>W,W J>MRW >LJW KH >MR XZQJHW JWM YRH W TWKXH W N>YH H JWM H ZH KJ B>W BNJM <D MCBR W KX >JN L LDH,,qal,perf,KJ B>W BNJM <D MCBR,BNJM,<D MCBR,<D MCBR=/,,0,prep,,,und,subs,,,<D,,,
1907663,BW>[,1Qisaa,Isaiah,37,3,B>W,W JW>MRW >LJW KWH >MR JXZQJH JWM YRH W TWKXH W N>YH H JWM H ZH KJ> B>W BNJM <D MCBR W KWX >JN L LDH L LDT,0 000000 00000 000 000 000000 000 000 0 00000 0 0000 0 000 0 00 000 000 0000 00 0000 0 000 000 0 0000 0 000 00,qal,perf,ZH KJ> B>W BNJM <D MCBR,BNJM,<D MCBR,no complement,,0,,,,,,,,<D,,,
224359,BW>[,MT,Isaiah,37,5,JB>W,W JB>W <BDJ H MLK XZQJHW >L JC<JHW,,qal,wayq,W JB>W <BDJ H MLK XZQJHW >L JC<JHW,<BDJ H MLK XZQJHW,>L JC<JHW,>L JC<JHW/,,0,prep,pers,anim,det,nmpr,,,>L,,,
1907714,BW>[,1Qisaa,Isaiah,37,5,JBW>W,W JBW>W <BDJ H MLK JXWZQJH >L JC<JH,0 00000 0000 0 000 0000000 00 00000 00,qal,wayy,W JBW>W <BDJ H MLK JXWZQJH >L JC<JH,<BDJ H MLK JXWZQJH,>L JC<JH,>L JC<JHW/,,0,prep,pers,anim,det,nmpr,,,>L,,,
224399,CWB[,MT,Isaiah,37,7,CB,HNNJ NWTN BW RWX W CM< CMW<H W CB >L >RYW W HPLTJW B XRB B >RYW,,qal,perf,W CB >L >RYW,,>L >RYW,>L >RY/,,0,prep,,,det,subs,,,>L,,,
224403,NPL[,MT,Isaiah,37,7,HPLTJW,HNNJ NWTN BW RWX W CM< CMW<H W CB >L >RYW W HPLTJW B XRB B >RYW,,hif,perf,W HPLTJW B XRB B >RYW,,no complement,no complement,,,,,,,,,,,,,
1907758,CWB[,1Qisaa,Isaiah,37,7,CB,HNNJ NWTN RWX BW> W CM< CMW<H W CB L >RYW W HPLTJW B XRB B >RYW,00000 0000 000 0000 0 000 00000 0 00 0 00000 0 0000000 0 000 0 00000 00,qal,perf,W CB L >RYW,,L >RYW,no complement,,0,,,,,,,,L,,,
1907762,NPL[,1Qisaa,Isaiah,37,7,HPLTJW,HNNJ NWTN RWX BW> W CM< CMW<H W CB L >RYW W HPLTJW B XRB B >RYW,00000 0000 000 0000 0 000 00000 0 00 0 00000 0 0000000 0 000 0 00000 00,hifil,perf,,,no complement,no complement,,,,,,,,,,,,,
1921407,CWB[,1Q8,Isaiah,37,7,CB,HNNJ NWTN BW RWX W CM< CMW<H W CB >L >RYW W HPLTJW B XRB B >RYW,00000 0000 000 000 0 000 00000 0 00 00 00000 0 0000000 0 000 0 00000 00,qal,perf,W CB >L >RYW,,>L >RYW,no complement,,0,,,,,,,,>L,,,
1921411,NPL[,1Q8,Isaiah,37,7,HPLTJW,HNNJ NWTN BW RWX W CM< CMW<H W CB >L >RYW W HPLTJW B XRB B >RYW,00000 0000 000 000 0 000 00000 0 00 00 00000 0 0000000 0 000 0 00000 00,hifil,perf,,,no complement,no complement,,,,,,,,,,,,,
224423,NS<[,MT,Isaiah,37,8,NS<,W JCB RB CQH W JMY> >T MLK >CWR NLXM <L LBNH KJ CM< KJ NS< M LKJC,,qal,perf,KJ NS< M LKJC,,M LKJC,MN LKJC/,,0,prep,topo,inanim,det,nmpr,,,MN,,,
224410,CWB[,MT,Isaiah,37,8,JCB,W JCB RB_CQH W JMY> >T MLK >CWR NLXM <L LBNH KJ CM< KJ NS< M LKJC,,qal,wayq,W JCB RB_CQH,RB_CQH,no complement,no complement,,,,,,,,,,,,,
1907769,CWB[,1Qisaa,Isaiah,37,8,JCWB,W JCWB RB CQH W JMY> >T MLK >CWR NLXM <L LBNH KJ> CM< KJ> NS< M LKJC,0 0000 00 000 0 0000 00 000 0000 0000 00 0000 000 000 000 000 0 0000 00,qal,wayy,,,no complement,no complement,,,,,,,,,,,,,
1907783,NS<[,1Qisaa,Isaiah,37,8,NS<,W JCWB RB CQH W JMY> >T MLK >CWR NLXM <L LBNH KJ> CM< KJ> NS< M LKJC,0 0000 00 000 0 0000 00 000 0000 0000 00 0000 000 000 000 000 0 0000 00,qal,perf,KJ> NS< M LKJC,,M LKJC,no complement,,0,,,,,,,,MN,,,
1921418,CWB[,1Q8,Isaiah,37,8,JCB,W JCB RB CQH W JMY> >T MLK >CWR NLXM <L LBNH KJ CM< KJ NS< M LKJC,0 000 00 000 0 0000 00 000 0000 0000 00 0000 00 000 00 000 0 0000 00,qal,wayy,,,no complement,no complement,,,,,,,,,,,,,
1921432,NS<[,1Q8,Isaiah,37,8,NS<,W JCB RB CQH W JMY> >T MLK >CWR NLXM <L LBNH KJ CM< KJ NS< M LKJC,0 000 00 000 0 0000 00 000 0000 0000 00 0000 00 000 00 000 0 0000 00,qal,perf,KJ NS< M LKJC,,M LKJC,no complement,,0,,,,,,,,MN,,,
224434,JY>[,MT,Isaiah,37,9,JY>,W JCM< <L TRHQH MLK KWC L >MR JY> L HLXM >TK W JCM< W JCLX ML>KJM >L XZQJHW L >MR,,qal,perf,JY>,,no complement,no complement,,,,,,,,,,,,,
1907795,JY>[,1Qisaa,Isaiah,37,9,JY>,W JCM< >L TRHQH MLK KWC L >MWR JY> L HLXM >TKH W JCM< W JCWB W JCLX ML>KJM >L JXWZQJH L >MWR,0 0000 00 00000 000 000 0 0000 000 0 0000 00000 0 0000 0 0000 0 0000 000000 00 0000000 0 0000 00,qal,perf,,,no complement,no complement,,,,,,,,,,,,,
1907802,CWB[,1Qisaa,Isaiah,37,9,JCWB,W JCM< >L TRHQH MLK KWC L >MWR JY> L HLXM >TKH W JCM< W JCWB W JCLX ML>KJM >L JXWZQJH L >MWR,0 0000 00 00000 000 000 0 0000 000 0 0000 00000 0 0000 0 0000 0 0000 000000 00 0000000 0 0000 00,qal,wayy,,,no complement,no complement,,,,,,,,,,,,,
1921444,JY>[,1Q8,Isaiah,37,9,JY>,W JCM< <L TRHQH MLK KWC L >MR JY> L HLXM >TK W JCM< W JCLX ML>KJM >L XZQJHW L >MR,0 0000 00 00000 000 000 0 000 000 0 0000 0000 0 0000 0 0000 000000 00 000000 0 000 00,qal,perf,,,no complement,no complement,,,,,,,,,,,,,
224537,<LH[,MT,Isaiah,37,14,J<L,W JQX XZQJHW >T H SPRJM M JD H ML>KJM W JQR>HW W J<L BJT JHWH W JPRFHW XZQJHW L PNJ JHWH,,qal,wayq,W J<L BJT JHWH,,BJT JHWH,BJT/ JHWH/,,0,vc,pers,anim,det,subs nmpr,,,,,,
1907908,<LH[,1Qisaa,Isaiah,37,14,J<LH,W JQX XWZQJH >T H SPRJM M JD H ML>KJM W JQR>M W J<LH BJT JHWH W JPRWFH XWZQJH L PNJ JHWH,0 000 000000 00 0 00000 0 00 0 000000 0 000000 0 0000 000 0000 0 0000000 000000 0 000 0000 00,qal,wayy,W J<LH BJT JHWH,,BJT JHWH,BJT/ JHWH/,,0,vc,pers,anim,det,subs nmpr,,,,,,
224721,<LH[,MT,Isaiah,37,24,<LJTJ,B JD <BDJK XRPT >DNJ W T>MR B RB RKBJ >NJ <LJTJ MRWM HRJM JRKTJ LBNWN W >KRT QWMT >RZJW MBXR BRCJW W >BW> MRWM QYW J<R KRMLW,,qal,perf,B RB RKBJ >NJ <LJTJ MRWM HRJM JRKTJ LBNWN,>NJ,MRWM HRJM JRKTJ LBNWN,MRWM/ HR/ JRKH/ LBNWN/,,0,vc,topo,inanim,und,subs subs subs nmpr,,,,,,
224733,BW>[,MT,Isaiah,37,24,>BW>,B JD <BDJK XRPT >DNJ W T>MR B RB RKBJ >NJ <LJTJ MRWM HRJM JRKTJ LBNWN W >KRT QWMT >RZJW MBXR BRCJW W >BW> MRWM QYW J<R KRMLW,,qal,impf,W >BW> MRWM QYW J<R KRMLW,,MRWM QYW J<R KRMLW,MRWM/ QY/ J<R/ KRML/,,0,vc,,,det,subs subs subs subs,,,,,,
1908099,<LH[,1Qisaa,Isaiah,37,24,<LJTJ,B JD <BDJKH XRPTH >DWNJ W TWMR B RWB RKBJ >NJ <LJTJ MRWM HRJM JRKTJ LBNWN W >KRWTH QWMT >RZJW MBXR BRWCJW W >BW> MRWM QYW J<R KRMLJW,0 00 0000000 00000 00000 0 0000 0 000 00000 000 00000 0000 0000 00000 00000 0 000000 0000 000000 0000 0000000 0 0000 0000 0000 000 0000000 00,qal,perf,B RWB RKBJ >NJ <LJTJ MRWM HRJM JRKTJ LBNWN,>NJ,MRWM HRJM JRKTJ LBNWN,MRWM/ HR/ JRKH/ LBNWN/,,0,vc,topo,inanim,und,subs subs subs nmpr,,,,,,
1908111,BW>[,1Qisaa,Isaiah,37,24,>BW>,B JD <BDJKH XRPTH >DWNJ W TWMR B RWB RKBJ >NJ <LJTJ MRWM HRJM JRKTJ LBNWN W >KRWTH QWMT >RZJW MBXR BRWCJW W >BW> MRWM QYW J<R KRMLJW,0 00 0000000 00000 00000 0 0000 0 000 00000 000 00000 0000 0000 00000 00000 0 000000 0000 000000 0000 0000000 0 0000 0000 0000 000 0000000 00,qal,impf,W >BW> MRWM QYW J<R KRMLJW,,MRWM QYW J<R KRMLJW,MRWM/ QY/ J<R/ KRML/,,0,vc,,,det,subs subs subs subs,,,,,,
224765,BW>[,MT,Isaiah,37,26,HB>TJH,H LW> CM<T L M RXWQ >WTH <FJTJ M JMJ QDM W JYRTJH <TH HB>TJH W THJ L HC>WT GLJM NYJM <RJM BYRWT,,hif,perf,<TH HB>TJH,,no complement,no complement,,,,,,,,,,,,,
1908145,BW>[,1Qisaa,Isaiah,37,26,HBJ>WTJH,H LW> CM<TH L M RXWQ >WTH <FJTJ M JMJ QDM JYRTJH <TH HBJ>WTJH W THJ L C>WWT GLJM NYWRJM <RJM BYWRWT,0 000 00000 0 0 0000 00000 00000 0 000 000 0000000 000 000000000 0 000 0 00000 0000 000000 0000 000000 00,hifil,perf,,,no complement,no complement,,,,,,,,,,,,,
224797,JY>[,MT,Isaiah,37,28,Y>TK,W CBTK W Y>TK W BW>K JD<TJ W >T HTRGZK >LJ,,qal,infc,W Y>TK,,no complement,no complement,,,,,,,,,,,,,
224799,BW>[,MT,Isaiah,37,28,BW>K,W CBTK W Y>TK W BW>K JD<TJ W >T HTRGZK >LJ,,qal,infc,W BW>K,,no complement,no complement,,,,,,,,,,,,,
1908179,JY>[,1Qisaa,Isaiah,37,28,Y>TKH,QWMKH W CBTKH W Y>TKH W BW>KH JD<TJ> W >T HRGZKH >LJ,000000 0 000000 0 000000 0 000000 000000 0 00 0000000 0000 00,qal,infc,,,no complement,no complement,,,,,,,,,,,,,
1908181,BW>[,1Qisaa,Isaiah,37,28,BW>KH,QWMKH W CBTKH W Y>TKH W BW>KH JD<TJ> W >T HRGZKH >LJ,000000 0 000000 0 000000 0 000000 000000 0 00 0000000 0000 00,qal,infc,,,no complement,no complement,,,,,,,,,,,,,
224810,<LH[,MT,Isaiah,37,29,<LH,J<N HTRGZK >LJ W C>NNK <LH B >ZNJ W FMTJ XXJ B >PK W MTGJ B FPTJK W HCJBTJK B DRK >CR B>T BH,,qal,perf,W C>NNK <LH B >ZNJ,C>NNK,B >ZNJ,B >ZN/,,0,prep,,,det,subs,,,B,,,
224823,CWB[,MT,Isaiah,37,29,HCJBTJK,J<N HTRGZK >LJ W C>NNK <LH B >ZNJ W FMTJ XXJ B >PK W MTGJ B FPTJK W HCJBTJK B DRK >CR B>T BH,,hif,perf,W HCJBTJK B DRK,,no complement,no complement,,,,,,,,,,,,,
224828,BW>[,MT,Isaiah,37,29,B>T,J<N HTRGZK >LJ W C>NNK <LH B >ZNJ W FMTJ XXJ B >PK W MTGJ B FPTJK W HCJBTJK B DRK >CR B>T BH,,qal,perf,>CR B>T BH,,no complement,no complement,,,,,,,,,,,,,
1908190,<LH[,1Qisaa,Isaiah,37,29,<LH,W C>NNKH <LH B >WZNJ W FMTJ XXJ B >PKH W MTGJ B FP>WTJKH W HCJBWTJKH B DRK >CR BTH BH,0 0000000 000 0 000000 0 0000 0000 0 00000 0 00000 0 000000000 0 0000000000 0 000 000 000 000 00,qal,perf,W C>NNKH <LH B >WZNJ,C>NNKH,B >WZNJ,no complement,,0,,,,,,,,B,,,
1908203,CWB[,1Qisaa,Isaiah,37,29,HCJBWTJKH,W C>NNKH <LH B >WZNJ W FMTJ XXJ B >PKH W MTGJ B FP>WTJKH W HCJBWTJKH B DRK >CR BTH BH,0 0000000 000 0 000000 0 0000 0000 0 00000 0 00000 0 000000000 0 0000000000 0 000 000 000 000 00,hifil,perf,,,no complement,no complement,,,,,,,,,,,,,
1908207,BW>[,1Qisaa,Isaiah,37,29,BTH,W C>NNKH <LH B >WZNJ W FMTJ XXJ B >PKH W MTGJ B FP>WTJKH W HCJBWTJKH B DRK >CR BTH BH,0 0000000 000 0 000000 0 0000 0000 0 00000 0 00000 0 000000000 0 0000000000 0 000 000 000 000 00,qal,perf,,,no complement,no complement,,,,,,,,,,,,,
224879,JY>[,MT,Isaiah,37,32,TY>,KJ M JRWCLM TY> C>RJT W PLJVH M HR YJWN QN>T JHWH YB>WT T<FH Z>T,,qal,impf,KJ M JRWCLM TY> C>RJT,C>RJT,M JRWCLM,MN JRWCLM/,,0,prep,topo,inanim,det,nmpr,,,MN,,,
1908259,JY>[,1Qisaa,Isaiah,37,32,TY>,KJ> M YJWN TY> C>RJT W PLJV> M JRWCLJM QN>T JHWH YB>WT T<FH ZW>T,000 0 0000 000 00000 0 00000 0 0000000 0000 0000 00000 0000 0000 00,qal,impf,KJ> M YJWN TY> C>RJT,C>RJT,M YJWN,no complement,,0,,,,,,,,MN,,,
224899,BW>[,MT,Isaiah,37,33,JBW>,LKN KH >MR JHWH >L MLK >CWR L> JBW> >L H <JR H Z>T W L> JWRH CM XY W L> JQDMNH MGN W L> JCPK <LJH SLLH,,qal,impf,L> JBW> >L H <JR H Z>T,,>L H <JR H Z>T,>L H <JR/ H Z>T,,0,prep,,,det,subs,,,>L,,,
1908280,BW>[,1Qisaa,Isaiah,37,33,JBW>,L KN KWH >MR JHWH >L MLK >CWR LW> JBW> >L H <JR H Z>WT W LW> JCPWK <LJH> SWLLH W LW> JR> CM XY W LW> JQDMNH MGN,0 00 000 000 0000 00 000 0000 000 0000 00 0 000 0 0000 0 000 00000 000000 00000 0 000 000 00 00 0 000 0000000 000 00,qal,impf,LW> JBW> >L H <JR H Z>WT,,>L H <JR H Z>WT,no complement,,0,,,,,,,,>L,,,
224933,BW>[,MT,Isaiah,37,34,JBW>,B DRK >CR B> BH JCWB W >L H <JR H Z>T L> JBW> N>M JHWH,,qal,impf,W >L H <JR H Z>T L> JBW>,,>L H <JR H Z>T,>L H <JR/ H Z>T,,0,prep,,,det,subs,,,>L,,,
224923,BW>[,MT,Isaiah,37,34,B>,B DRK >CR B> BH JCWB W >L H <JR H Z>T L> JBW> N>M JHWH,,qal,perf,>CR B> BH,,no complement,no complement,,,,,,,,,,,,,
224925,CWB[,MT,Isaiah,37,34,JCWB,B DRK >CR B> BH JCWB W >L H <JR H Z>T L> JBW> N>M JHWH,,qal,impf,B DRK JCWB,,no complement,no complement,,,,,,,,,,,,,
1908304,BW>[,1Qisaa,Isaiah,37,34,B>,B DRK >CR B> B>H JCWB W >L H <JR H ZW>T LW> JBW> NW>WM JHWH,0 000 000 00 0000 0000 0 00 0 000 0 0000 000 0000 00000 0000 00,qal,perf,,,no complement,no complement,,,,,,,,,,,,,
1908306,CWB[,1Qisaa,Isaiah,37,34,JCWB,B DRK >CR B> B>H JCWB W >L H <JR H ZW>T LW> JBW> NW>WM JHWH,0 000 000 00 0000 0000 0 00 0 000 0 0000 000 0000 00000 0000 00,qal,impf,,,no complement,no complement,,,,,,,,,,,,,
1908314,BW>[,1Qisaa,Isaiah,37,34,JBW>,B DRK >CR B> B>H JCWB W >L H <JR H ZW>T LW> JBW> NW>WM JHWH,0 000 000 00 0000 0000 0 00 0 000 0 0000 000 0000 00000 0000 00,qal,impf,W >L H <JR H ZW>T LW> JBW>,,>L H <JR H ZW>T,no complement,,0,,,,,,,,>L,,,
224951,JY>[,MT,Isaiah,37,36,JY>,W JY> ML>K JHWH W JKH B MXNH >CWR M>H W CMNJM W XMCH >LP W JCKJMW B BQR W HNH KLM PGRJM MTJM,,qal,wayq,W JY> ML>K JHWH,ML>K JHWH,no complement,no complement,,,,,,,,,,,,,
1908334,JY>[,1Qisaa,Isaiah,37,36,JY>,W JY> ML>K JHWH W JK B MXNH >CWR M>H W CMWNJM W XMC> >LP W JCKJMW B BWQR W HNH KWLM PGRJM MJTJM,0 000 0000 0000 0 00 0 0000 0000 000 0 000000 0 0000 000 0 000000 0 0000 0 000 00000 00000 00000 00,qal,wayy,,,no complement,no complement,,,,,,,,,,,,,
224976,NS<[,MT,Isaiah,37,37,JS<,W JS< W JLK W JCB SNXRJB MLK >CWR W JCB B NJNWH,,qal,wayq,W JS<,,no complement,no complement,,,,,,,,,,,,,
224978,HLK[,MT,Isaiah,37,37,JLK,W JS< W JLK W JCB SNXRJB MLK >CWR W JCB B NJNWH,,qal,wayq,W JLK,,no complement,no complement,,,,,,,,,,,,,
224980,CWB[,MT,Isaiah,37,37,JCB,W JS< W JLK W JCB SNXRJB MLK >CWR W JCB B NJNWH,,qal,wayq,W JCB SNXRJB MLK >CWR,SNXRJB MLK >CWR,no complement,no complement,,,,,,,,,,,,,
1908359,NS<[,1Qisaa,Isaiah,37,37,JS<,W JS< W JLK W JCWWB SNXRJB MLK >CWR W JCB B NJNWH,0 000 0 000 0 00000 000000 000 0000 0 000 0 00000 00,qal,wayy,W JS<,,no complement,no complement,,,,,,,,,,,,,
1908361,HLK[,1Qisaa,Isaiah,37,37,JLK,W JS< W JLK W JCWWB SNXRJB MLK >CWR W JCB B NJNWH,0 000 0 000 0 00000 000000 000 0000 0 000 0 00000 00,qal,wayy,W JLK,,no complement,no complement,,,,,,,,,,,,,
1908363,CWB[,1Qisaa,Isaiah,37,37,JCWWB,W JS< W JLK W JCWWB SNXRJB MLK >CWR W JCB B NJNWH,0 000 0 000 0 00000 000000 000 0000 0 000 0 00000 00,qal,wayy,W JCWWB SNXRJB MLK >CWR,SNXRJB MLK >CWR,no complement,no complement,,,,,,,,,,,,,
225024,BW>[,MT,Isaiah,38,1,JBW>,B JMJM H HM XLH XZQJHW L MWT W JBW> >LJW JC<JHW BN >MWY H NBJ> W J>MR >LJW KH >MR JHWH YW L BJTK KJ MT >TH W L> TXJH,,qal,wayq,W JBW> >LJW JC<JHW BN >MWY H NBJ>,JC<JHW BN >MWY H NBJ>,>LJW,>L,,0,prep,,,det,,,,>L,,,
1908409,BW>[,1Qisaa,Isaiah,38,1,JBW>,B JMJM H HMH XLH JXWZQJH L MWT W JBW> >LJW JC<JH BN >MWY H NBJ> W JW>MR >LJW KWH >MR JHWH YWJ L BJTKH KJ> MJT >TH W LW> TXJH,0 0000 0 000 000 0000000 0 000 0 0000 00000 00000 00 0000 0 0000 0 00000 00000 000 000 0000 000 0 000000 000 000 000 0 000 0000 00,qal,wayy,W JBW> >LJW JC<JH BN >MWY H NBJ>,JC<JH BN >MWY H NBJ>,>LJW,no complement,,0,,,,,,,,>L,,,
225047,SBB[,MT,Isaiah,38,2,JSB,W JSB XZQJHW PNJW >L H QJR W JTPLL >L JHWH,,hif,wayq,W JSB XZQJHW PNJW >L H QJR,XZQJHW,>L H QJR,>L H QJR/,,0,prep,,,det,subs,,,>L,,,
1908433,SBB[,1Qisaa,Isaiah,38,2,JSWB,W JSWB JXWZQJH PNJW >L H QJR W JTPLL >L JHWH,0 0000 0000000 00000 00 0 000 0 00000 00 0000 00,hifil,wayy,W JSWB JXWZQJH PNJW >L H QJR,JXWZQJH,>L H QJR,>L H QJR/,,0,prep,,,det,subs,,,>L,,,
225065,HLK[,MT,Isaiah,38,3,HTHLKTJ,W J>MR >NH JHWH ZKR N> >T >CR HTHLKTJ L PNJK B >MT W B LB CLM W H VWB B <JNJK <FJTJ W JBK XZQJHW BKJ GDWL,,hit,perf,>T >CR HTHLKTJ L PNJK B >MT W B LB CLM,,no complement,no complement,,,,,,,,,,,,,
1908452,HLK[,1Qisaa,Isaiah,38,3,HTHLKTJ,W JW>MR >NH JHWH ZKWR N> >T >CR HTHLKTJ L PNJKH B >MT W B LBB CLM W H VWB B <JNJKH <FJTJ W JBK> JXWZQJH BKJ GDWL,0 00000 000 0000 0000 00 00 000 0000000 0 000000 0 000 0 0 000 000 0 0 000 0 0000000 00000 0 0000 0000000 000 0000 00,hitpael,perf,,,no complement,no complement,,,,,,,,,,,,,
225093,HLK[,MT,Isaiah,38,5,HLWK,HLWK W >MRT >L XZQJHW KH >MR JHWH >LHJ DWD >BJK CM<TJ >T TPLTK R>JTJ >T DM<TK HNNJ JWSP <L JMJK XMC <FRH CNH,,qal,infa,HLWK,,no complement,no complement,,,,,,,,,,,,,
1908482,HLK[,1Qisaa,Isaiah,38,5,HLWK,HLWK W >MRTH >L JXWZQJH KWH >MR JHWH >LWHJ DWJD >BJKH CM<TJ >T TPLTKH W R>JTJ >T DM<TKH HNNJ JWSP <L JMJKH XMC <FRH CNH,0000 0 00000 00 0000000 000 000 0000 00000 0000 000000 00000 00 0000000 0 00000 00 0000000 00000 0000 00 000000 000 0000 000 00,qal,infa,,,no complement,no complement,,,,,,,,,,,,,
225155,CWB[,MT,Isaiah,38,8,MCJB,HNNJ MCJB >T YL H M<LWT >CR JRDH B M<LWT >XZ B CMC >XRNJT <FR M<LWT W TCB H CMC <FR M<LWT B M<LWT >CR JRDH,,hif,ptca,HNNJ MCJB >T YL H M<LWT >XRNJT <FR M<LWT,,no complement,no complement,,,,,,,,,,,,,
225161,JRD[,MT,Isaiah,38,8,JRDH,HNNJ MCJB >T YL H M<LWT >CR JRDH B M<LWT >XZ B CMC >XRNJT <FR M<LWT W TCB H CMC <FR M<LWT B M<LWT >CR JRDH,,qal,perf,>CR JRDH B M<LWT >XZ B CMC,,no complement,no complement,,,,,,,,,,,,,
225172,CWB[,MT,Isaiah,38,8,TCB,HNNJ MCJB >T YL H M<LWT >CR JRDH B M<LWT >XZ B CMC >XRNJT <FR M<LWT W TCB H CMC <FR M<LWT B M<LWT >CR JRDH,,qal,wayq,W TCB H CMC <FR M<LWT B M<LWT,H CMC,no complement,no complement,,,,,,,,,,,,,
225181,JRD[,MT,Isaiah,38,8,JRDH,HNNJ MCJB >T YL H M<LWT >CR JRDH B M<LWT >XZ B CMC >XRNJT <FR M<LWT W TCB H CMC <FR M<LWT B M<LWT >CR JRDH,,qal,perf,>CR JRDH,,no complement,no complement,,,,,,,,,,,,,
1908553,CWB[,1Qisaa,Isaiah,38,8,MCJB,HNNJ MCJB >T YL H M<LWT >CR JRDH B M<LWT <LJT >XZ >T H CMC >XWRNJT <FR M<LWT W TCWB H CMC <FR M<LWT B M<LWT >CR JRDH,00000 0000 00 00 0 00000 000 0000 0 00000 0000 000 00 0 000 0000000 000 00000 0 0000 0 000 000 00000 0 00000 000 0000 00,hifil,ptca,,,no complement,no complement,,,,,,,,,,,,,
1908559,JRD[,1Qisaa,Isaiah,38,8,JRDH,HNNJ MCJB >T YL H M<LWT >CR JRDH B M<LWT <LJT >XZ >T H CMC >XWRNJT <FR M<LWT W TCWB H CMC <FR M<LWT B M<LWT >CR JRDH,00000 0000 00 00 0 00000 000 0000 0 00000 0000 000 00 0 000 0000000 000 00000 0 0000 0 000 000 00000 0 00000 000 0000 00,qal,perf,,,no complement,no complement,,,,,,,,,,,,,
1908571,CWB[,1Qisaa,Isaiah,38,8,TCWB,HNNJ MCJB >T YL H M<LWT >CR JRDH B M<LWT <LJT >XZ >T H CMC >XWRNJT <FR M<LWT W TCWB H CMC <FR M<LWT B M<LWT >CR JRDH,00000 0000 00 00 0 00000 000 0000 0 00000 0000 000 00 0 000 0000000 000 00000 0 0000 0 000 000 00000 0 00000 000 0000 00,qal,wayy,,,no complement,no complement,,,,,,,,,,,,,
1908579,JRD[,1Qisaa,Isaiah,38,8,JRDH,HNNJ MCJB >T YL H M<LWT >CR JRDH B M<LWT <LJT >XZ >T H CMC >XWRNJT <FR M<LWT W TCWB H CMC <FR M<LWT B M<LWT >CR JRDH,00000 0000 00 00 0 00000 000 0000 0 00000 0000 000 00 0 000 0000000 000 00000 0 0000 0 000 000 00000 0 00000 000 0000 00,qal,perf,,,no complement,no complement,,,,,,,,,,,,,
225198,HLK[,MT,Isaiah,38,10,>LKH,>NJ >MRTJ B DMJ JMJ >LKH B C<RJ C>WL PQDTJ JTR CNWTJ,,qal,impf,B DMJ JMJ >LKH B C<RJ C>WL,,no complement,no complement,,,,,,,,,,,,,
1908599,HLK[,1Qisaa,Isaiah,38,10,>LKH,>NJ >MRTJ B DMJ W JMJ >LKH B C<RJ C>WL PQWDTJ W MR CNWTJ,000 00000 0 000 0 0000 0000 0 0000 0000 0000000 0 00 000000 00,qal,impf,,,no complement,no complement,,,,,,,,,,,,,
225224,GLH[,MT,Isaiah,38,12,NGLH,DWRJ NS< W NGLH MNJ K >HL R<J QPDTJ K >RG XJJ M DLH JBY<NJ M JWM <D LJLH TCLJMNJ,,nif,perf,W NGLH MNJ K >HL R<J,,MNJ,MN,,0,prep,,,det,,,,MN,,,
225222,NS<[,MT,Isaiah,38,12,NS<,DWRJ NS< W NGLH MNJ K >HL R<J QPDTJ K >RG XJJ M DLH JBY<NJ M JWM <D LJLH TCLJMNJ,,nif,perf,DWRJ NS<,DWRJ,no complement,no complement,,,,,,,,,,,,,
1908625,NS<[,1Qisaa,Isaiah,38,12,NS<,DWRJ NS< JKLH MNJ K >WHL R<J SPRTJ K >WRG XJJ M DLH JBY<NJ M JWM <D LJLH TCLJMNJ,00000 000 0000 0000 0 0000 0000 00000 0 0000 0000 0 000 0000000 0 000 00 0000 00000000 00,nifal,perf,,,no complement,no complement,,,,,,,,,,,,,
1921548,NS<[,1Q8,Isaiah,38,12,NS<,DWRJ NS< W NGLH MNJ K >HL R<J QPDTJ K >RG XJJ M DLH JBY<NJ M JWM <D LJLH TCLJMNJ,00000 000 0 0000 00000 0 000 0000 00000 0 000 0000 0 000 0000000 0 000 00 0000 00000000 00,nifal,perf,,,no complement,no complement,,,,,,,,,,,,,
1921550,GLH[,1Q8,Isaiah,38,12,NGLH,DWRJ NS< W NGLH MNJ K >HL R<J QPDTJ K >RG XJJ M DLH JBY<NJ M JWM <D LJLH TCLJMNJ,00000 000 0 0000 00000 0 000 0000 00000 0 000 0000 0 000 0000000 0 000 00 0000 00000000 00,nifal,perf,W NGLH MNJ K >HL R<J,,MNJ,no complement,,0,,,,,,,,MN,,,
225329,JRD[,MT,Isaiah,38,18,JWRDJ,KJ L> C>WL TWDK MWT JHLLK L> JFBRW JWRDJ BWR >L >MTK,,qal,ptca,L> JFBRW JWRDJ BWR >L >MTK,JWRDJ BWR,>L >MTK,>L >MT/,,0,prep,,,det,subs,,,>L,,,
1908739,JRD[,1Qisaa,Isaiah,38,18,JWRDJ,KJ> LW> C>WL TWDKH W LW> MWT JHLLKH W LW> JFBRW JWRDJ BWR >L >MTKH,000 000 0000 000000 0 000 000 0000000 0 000 00000 00000 000 00 000000 00,qal,ptca,W LW> JFBRW JWRDJ BWR >L >MTKH,JWRDJ BWR,>L >MTKH,no complement,,0,,,,,,,,>L,,,
1921642,JRD[,1Q8,Isaiah,38,18,JWRDJ,KJ L> C>WL TW<K MWT JHLLK L> JFBRW JWRDJ BWR >L >MTK,00 00 0000 00000 000 000000 00 00000 00000 000 00 00000 00,qal,ptca,L> JFBRW JWRDJ BWR >L >MTK,JWRDJ BWR,>L >MTK,>L >MT/,,0,prep,,,det,subs,,,>L,,,
225377,<LH[,MT,Isaiah,38,22,><LH,W J>MR XZQJHW MH >WT KJ ><LH BJT JHWH,,qal,impf,KJ ><LH BJT JHWH,,BJT JHWH,BJT/ JHWH/,,0,vc,pers,anim,det,subs nmpr,,,,,,
1908805,<LH[,1Qisaa,Isaiah,38,22,><LH,W J>MR XZQJH MH >WT KJ ><LH BJT JHWH,0 0000 00000 00 000 00 0000 000 0000 00,qal,impf,KJ ><LH BJT JHWH,,BJT JHWH,BJT/ JHWH/,,0,vc,pers,anim,det,subs nmpr,,,,,,
1921694,<LH[,1Q8,Isaiah,38,22,><LH,W J>MR XZQJHW MH >WT KJ ><LH BJT JHWH,0 0000 000000 00 000 00 0000 000 0000 00 01,qal,impf,KJ ><LH BJT JHWH,,BJT JHWH,no complement,,0,,,,,,,,,,,
225454,BW>[,MT,Isaiah,39,3,JB>,W JB> JC<JHW H NBJ> >L H MLK XZQJHW W J>MR >LJW MH >MRW H >NCJM H >LH W M >JN JB>W >LJK W J>MR XZQJHW M >RY RXWQH B>W >LJ M BBL,,qal,wayq,W JB> JC<JHW H NBJ> >L H MLK XZQJHW,JC<JHW H NBJ>,>L H MLK XZQJHW,>L H MLK/ XZQJHW/,,0,prep,pers,anim,det,subs nmpr,,,>L,,,
225474,BW>[,MT,Isaiah,39,3,JB>W,W JB> JC<JHW H NBJ> >L H MLK XZQJHW W J>MR >LJW MH >MRW H >NCJM H >LH W M >JN JB>W >LJK W J>MR XZQJHW M >RY RXWQH B>W >LJ M BBL,,qal,impf,W M >JN JB>W >LJK,,M >JN,MN >JN,,0,prep,,,,,,,MN,,,
225474,BW>[,MT,Isaiah,39,3,JB>W,W JB> JC<JHW H NBJ> >L H MLK XZQJHW W J>MR >LJW MH >MRW H >NCJM H >LH W M >JN JB>W >LJK W J>MR XZQJHW M >RY RXWQH B>W >LJ M BBL,,qal,impf,W M >JN JB>W >LJK,,>LJK,>L,,0,prep,,,det,,,,>L,,,
225482,BW>[,MT,Isaiah,39,3,B>W,W JB> JC<JHW H NBJ> >L H MLK XZQJHW W J>MR >LJW MH >MRW H >NCJM H >LH W M >JN JB>W >LJK W J>MR XZQJHW M >RY RXWQH B>W >LJ M BBL,,qal,perf,M >RY RXWQH B>W >LJ M BBL,,M >RY RXWQH M BBL,MN >RY/ RXWQ/ MN BBL/,,0,prep + prep,topo,inanim,und,subs nmpr,,,MN,MN,,
225482,BW>[,MT,Isaiah,39,3,B>W,W JB> JC<JHW H NBJ> >L H MLK XZQJHW W J>MR >LJW MH >MRW H >NCJM H >LH W M >JN JB>W >LJK W J>MR XZQJHW M >RY RXWQH B>W >LJ M BBL,,qal,perf,M >RY RXWQH B>W >LJ M BBL,,>LJ,>L,,0,prep,,,det,,,,>L,,,
1908886,BW>[,1Qisaa,Isaiah,39,3,JBW>,W JBW> JC<JH H NBJ> >L H MLK JXWZQJH W JW>MR >LJW MH >MRW H >NCJM H >LH W M >JN JBW>W >LJKH W JW>MR JXWZQJH M >RY RXWQH B>W >LJ M BBL,0 0000 00000 0 0000 00 0 000 0000000 0 00000 00000 00 0000 0 00000 0 000 0 0 000 00000 000000 0 00000 0000000 0 000 00000 000 0000 0 000 00,qal,wayy,W JBW> JC<JH H NBJ> >L H MLK JXWZQJH, JC<JH H NBJ>,>L H MLK JXWZQJH,no complement,,0,,,,,,,,>L,,,
1908906,BW>[,1Qisaa,Isaiah,39,3,JBW>W,W JBW> JC<JH H NBJ> >L H MLK JXWZQJH W JW>MR >LJW MH >MRW H >NCJM H >LH W M >JN JBW>W >LJKH W JW>MR JXWZQJH M >RY RXWQH B>W >LJ M BBL,0 0000 00000 0 0000 00 0 000 0000000 0 00000 00000 00 0000 0 00000 0 000 0 0 000 00000 000000 0 00000 0000000 0 000 00000 000 0000 0 000 00,qal,impf,W M >JN JBW>W >LJKH,,M >JN,no complement,,0,,,,,,,,MN,,,
1908906,BW>[,1Qisaa,Isaiah,39,3,JBW>W,W JBW> JC<JH H NBJ> >L H MLK JXWZQJH W JW>MR >LJW MH >MRW H >NCJM H >LH W M >JN JBW>W >LJKH W JW>MR JXWZQJH M >RY RXWQH B>W >LJ M BBL,0 0000 00000 0 0000 00 0 000 0000000 0 00000 00000 00 0000 0 00000 0 000 0 0 000 00000 000000 0 00000 0000000 0 000 00000 000 0000 0 000 00,qal,impf,W M >JN JBW>W >LJKH,,>LJKH,no complement,,0,,,,,,,,>L,,,
1908914,BW>[,1Qisaa,Isaiah,39,3,B>W,W JBW> JC<JH H NBJ> >L H MLK JXWZQJH W JW>MR >LJW MH >MRW H >NCJM H >LH W M >JN JBW>W >LJKH W JW>MR JXWZQJH M >RY RXWQH B>W >LJ M BBL,0 0000 00000 0 0000 00 0 000 0000000 0 00000 00000 00 0000 0 00000 0 000 0 0 000 00000 000000 0 00000 0000000 0 000 00000 000 0000 0 000 00,qal,perf,M >RY RXWQH B>W >LJ M BBL,,M >RY RXWQH M BBL,no complement,,0,,,,,,,,MN,MN,,
1908914,BW>[,1Qisaa,Isaiah,39,3,B>W,W JBW> JC<JH H NBJ> >L H MLK JXWZQJH W JW>MR >LJW MH >MRW H >NCJM H >LH W M >JN JBW>W >LJKH W JW>MR JXWZQJH M >RY RXWQH B>W >LJ M BBL,0 0000 00000 0 0000 00 0 000 0000000 0 00000 00000 00 0000 0 00000 0 000 0 0 000 00000 000000 0 00000 0000000 0 000 00000 000 0000 0 000 00,qal,perf,M >RY RXWQH B>W >LJ M BBL,,>LJ,no complement,,0,,,,,,,,>L,,,
1921775,BW>[,1Q8,Isaiah,39,3,JBW>,W JBW> JC<JHW H NBJ> >L H MLK XZQJHW W J>MR >LJW MH >MRW H >NCJM H >LH W M >JN JB>W >LJK W J>MR XZQJHW M >RY RXWQH B>W >LJ M BBL,0 0000 000000 0 0000 00 0 000 000000 0 0000 00000 00 0000 0 00000 0 000 0 0 000 0000 00000 0 0000 000000 0 000 00000 000 0000 0 000 00,qal,wayy,W JBW> JC<JHW H NBJ> >L H MLK XZQJHW,JC<JHW H NBJ>,>L H MLK XZQJHW,no complement,,0,,,,,,,,>L,,,
1921795,BW>[,1Q8,Isaiah,39,3,JB>W,W JBW> JC<JHW H NBJ> >L H MLK XZQJHW W J>MR >LJW MH >MRW H >NCJM H >LH W M >JN JB>W >LJK W J>MR XZQJHW M >RY RXWQH B>W >LJ M BBL,0 0000 000000 0 0000 00 0 000 000000 0 0000 00000 00 0000 0 00000 0 000 0 0 000 0000 00000 0 0000 000000 0 000 00000 000 0000 0 000 00,qal,impf,W M >JN JB>W >LJK,,M >JN,no complement,,0,,,,,,,,MN,,,
1921795,BW>[,1Q8,Isaiah,39,3,JB>W,W JBW> JC<JHW H NBJ> >L H MLK XZQJHW W J>MR >LJW MH >MRW H >NCJM H >LH W M >JN JB>W >LJK W J>MR XZQJHW M >RY RXWQH B>W >LJ M BBL,0 0000 000000 0 0000 00 0 000 000000 0 0000 00000 00 0000 0 00000 0 000 0 0 000 0000 00000 0 0000 000000 0 000 00000 000 0000 0 000 00,qal,impf,W M >JN JB>W >LJK,,>LJK,no complement,,0,,,,,,,,>L,,,
1921803,BW>[,1Q8,Isaiah,39,3,B>W,W JBW> JC<JHW H NBJ> >L H MLK XZQJHW W J>MR >LJW MH >MRW H >NCJM H >LH W M >JN JB>W >LJK W J>MR XZQJHW M >RY RXWQH B>W >LJ M BBL,0 0000 000000 0 0000 00 0 000 000000 0 0000 00000 00 0000 0 00000 0 000 0 0 000 0000 00000 0 0000 000000 0 000 00000 000 0000 0 000 00,qal,perf,M >RY RXWQH B>W >LJ M BBL,,M >RY RXWQH M BBL,no complement,,0,,,,,,,,MN,MN,,
1921803,BW>[,1Q8,Isaiah,39,3,B>W,W JBW> JC<JHW H NBJ> >L H MLK XZQJHW W J>MR >LJW MH >MRW H >NCJM H >LH W M >JN JB>W >LJK W J>MR XZQJHW M >RY RXWQH B>W >LJ M BBL,0 0000 000000 0 0000 00 0 000 000000 0 0000 00000 00 0000 0 00000 0 000 0 0 000 0000 00000 0 0000 000000 0 000 00000 000 0000 0 000 00,qal,perf,M >RY RXWQH B>W >LJ M BBL,,>LJ,no complement,,0,,,,,,,,>L,,,
225520,BW>[,MT,Isaiah,39,6,B>JM,HNH JMJM B>JM W NF> KL >CR B BJTK W >CR >YRW >BTJK <D H JWM H ZH BBL L> JWTR DBR >MR JHWH,,qal,ptca,HNH JMJM B>JM,JMJM,no complement,no complement,,,,,,,,,,,,,
1908955,BW>[,1Qisaa,Isaiah,39,6,B>JM,HNH JMJM B>JM W NF>W KWL >CR B BJTKH W >CR >YRW >BWTJKH <D H JWM H ZH BBL JBW>W W LW> JWTR DBR >MR JHWH,000 0000 0000 0 0000 000 000 0 000000 0 000 0000 00000000 00 0 000 0 00 000 00000 0 000 0000 000 000 0000 00,qal,ptca,,,no complement,no complement,,,,,,,,,,,,,
1908972,BW>[,1Qisaa,Isaiah,39,6,JBW>W,HNH JMJM B>JM W NF>W KWL >CR B BJTKH W >CR >YRW >BWTJKH <D H JWM H ZH BBL JBW>W W LW> JWTR DBR >MR JHWH,000 0000 0000 0 0000 000 000 0 000000 0 000 0000 00000000 00 0 000 0 00 000 00000 0 000 0000 000 000 0000 00,qal,impf,W NF>W KWL BBL JBW>W,,BBL,no complement,,0,,,,,,,,,,,
1921844,BW>[,1Q8,Isaiah,39,6,B>JM,HNH JMJM B>JM W NF> KL >CR B BJTK W >CR >YRW >BTJK <D H JWM H ZH BBL L> JWTR DBR >MR JHWH,000 0000 0000 0 000 00 000 0 00000 0 000 0000 000000 00 0 000 0 00 000 00 0000 000 000 0000 00,qal,ptca,,,no complement,no complement,,,,,,,,,,,,,
225546,JY>[,MT,Isaiah,39,7,JY>W,W M BNJK >CR JY>W MMK >CR TWLJD JQXW W HJW SRJSJM B HJKL MLK BBL,,qal,impf,>CR JY>W MMK,,MMK,MN,,0,prep,,,det,,,,MN,,,
1908984,JY>[,1Qisaa,Isaiah,39,7,JY>W,W M BNJKH >CR JY>W M M<JKH >CR TWLJD JQXW W JHJW SRJSJM B HJKL MLK BBL,0 0 000000 000 0000 0 000000 000 00000 0000 0 0000 000000 0 0000 000 000 00,qal,impf,>CR JY>W M M<JKH,,M M<JKH,no complement,,0,,,,,,,,MN,,,
1921871,JY>[,1Q8,Isaiah,39,7,JY>W,W M BNJK >CR JY>W MMK >CR TWLJD JQXW W HJW SRJSJM B HJKL MLK BBL,0 0 00000 000 0000 0000 000 00000 0000 0 000 000000 0 0000 000 000 00,qal,impf,>CR JY>W MMK,,MMK,MN,,0,prep,,,det,,,,MN,,,
225609,PNH[,MT,Isaiah,40,3,PNW,QWL QWR> B MDBR PNW DRK JHWH JCRW B <RBH MSLH L >LHJNW,,piel,impv,B MDBR PNW DRK JHWH,,no complement,no complement,,,,,,,,,,,,,
1909051,PNH[,1Qisaa,Isaiah,40,3,PNW,QWL QWR> B MDBR PNW DRK JHWH W JCRW B <RBH MSLH L >LWHJNW,000 0000 0 0000 000 000 0000 0 0000 0 0000 0000 0 00000000 00,piel,impv,,,no complement,no complement,,,,,,,,,,,,,
1921937,PNH[,1Q8,Isaiah,40,3,PNW,QWL QWR> B MDBR PNW DRK JHWH JCRW B <RBH MSLH L >LHJNW,000 0000 0 0000 000 000 0000 0000 0 0000 0000 0 0000000 00,piel,impv,,,no complement,no complement,,,,,,,,,,,,,
225640,GLH[,MT,Isaiah,40,5,NGLH,W NGLH KBWD JHWH W R>W KL BFR JXDW KJ PJ JHWH DBR,,nif,perf,W NGLH KBWD JHWH,KBWD JHWH,no complement,no complement,,,,,,,,,,,,,
1909084,GLH[,1Qisaa,Isaiah,40,5,NGLH,W NGLH KBWD JHWH W R>W KWL BFR JXDJW KJ> PJ> JHWH DBR,0 0000 0000 0000 0 000 000 000 00000 000 000 0000 000 00,nifal,perf,W NGLH KBWD JHWH,KBWD JHWH,no complement,no complement,,,,,,,,,,,,,
1921969,GLH[,1Q8,Isaiah,40,5,NGLH,W NGLH KBWD JHWH W R>W KL BFR JXDJW KJ PJ JHWH DBR,0 0000 0000 0000 0 000 00 000 00000 00 00 0000 000 01 00,nifal,perf,None,None,no complement,no complement,,,,,,,,,,,,,
225696,<LH[,MT,Isaiah,40,9,<LJ,<L HR GBH <LJ LK MBFRT YJWN HRJMJ B KX QWLK MBFRT JRWCLM HRJMJ >L TJR>J >MRJ L <RJ JHWDH HNH >LHJKM,,qal,impv,<L HR GBH <LJ LK,,<L HR GBH,<L HR/ GBH/,,0,prep,,,und,subs,,,<L,,,
1909147,<LH[,1Qisaa,Isaiah,40,9,<LJ,<L HR GBH <LJ LKJ MBFRT YJWN HRJMJ B KWX QWLK MBFRT JRWCLJM HRJMJ >L TJR>J >MWRJ L <RJ JHWDH HNH >LWHHKMH,00 00 000 000 0000 00000 0000 00000 0 000 00000 00000 0000000 00000 00 00000 00000 0 000 00000 000 000000000 00,qal,impv,<L HR GBH <LJ LKJ,,<L HR GBH,no complement,,0,,,,,,,,<L,,,
225721,BW>[,MT,Isaiah,40,10,JBW>,HNH >DNJ JHWH B XZQ JBW> W ZR<W MCLH LW HNH FKRW >TW W P<LTW L PNJW,,qal,impf,HNH >DNJ JHWH B XZQ JBW>,>DNJ JHWH,no complement,no complement,,,,,,,,,,,,,
1909172,BW>[,1Qisaa,Isaiah,40,10,JBW>,HNH >DWNJ JHWH B XWZQ JBW> W ZRW<W MCLH LW> HNH FKRW >TW W P<LTJW L PNJW,000 00000 0000 0 0000 0000 0 000000 0000 0000 000 00000 0000 0 0000000 0 00000 00,qal,impf,,,no complement,no complement,,,,,,,,,,,,,
225975,JY>[,MT,Isaiah,40,26,MWYJ>,F>W MRWM <JNJKM W R>W MJ BR> >LH H MWYJ> B MSPR YB>M L KLM B CM JQR> M RB >WNJM W >MJY KX >JC L> N<DR,,hif,ptca,H MWYJ> B MSPR YB>M,,no complement,no complement,,,,,,,,,,,,,
1909437,JY>[,1Qisaa,Isaiah,40,26,MWYJ>,F>W MRWM <JNJKMH W R>W MJ BR> >LH H MWYJ> B MSPR YB>M L KWLM B CM JQR> M RWB >WNJM W >MY KWXW W >JC LW> N<DR,000 0000 00000000 0 000 00 000 000 0 00000 0 0000 00000 0 00000 0 00 0000 0 000 00000 0 000 00000 0 000 000 0000 00,hifil,ptca,,,no complement,no complement,,,,,,,,,,,,,
226007,<BR[,MT,Isaiah,40,27,J<BWR,LMH T>MR J<QB W TDBR JFR>L NSTRH DRKJ M JHWH W M >LHJ MCPVJ J<BWR,,qal,impf,W M >LHJ MCPVJ J<BWR,MCPVJ,no complement,no complement,,,,,,,,,,,,,
1909471,<BR[,1Qisaa,Isaiah,40,27,J<BWR,LMH T>WMR J<QWB W TDBR JFR>L NSTRH DRKJ M JHWH W M >LWHJ MCPVJ J<BWR,000 00000 00000 0 0000 00000 00000 00000 0 0000 0 0 000000 000000 00000 00,qal,impf,W M >LWHJ MCPVJ J<BWR,MCPVJ,no complement,no complement,,,,,,,,,,,,,
226053,XLP[,MT,Isaiah,40,31,JXLJPW,W QWJ JHWH JXLJPW KX J<LW >BR K NCRJM JRWYW W L> JJG<W JLKW W L> JJ<PW,,hif,impf,W QWJ JHWH JXLJPW KX,QWJ JHWH,no complement,no complement,,,,,,,,,,,,,
226055,<LH[,MT,Isaiah,40,31,J<LW,W QWJ JHWH JXLJPW KX J<LW >BR K NCRJM JRWYW W L> JJG<W JLKW W L> JJ<PW,,hif,impf,J<LW >BR K NCRJM,,no complement,no complement,,,,,,,,,,,,,
226060,RWY[,MT,Isaiah,40,31,JRWYW,W QWJ JHWH JXLJPW KX J<LW >BR K NCRJM JRWYW W L> JJG<W JLKW W L> JJ<PW,,qal,impf,JRWYW,,no complement,no complement,,,,,,,,,,,,,
226064,HLK[,MT,Isaiah,40,31,JLKW,W QWJ JHWH JXLJPW KX J<LW >BR K NCRJM JRWYW W L> JJG<W JLKW W L> JJ<PW,,qal,impf,JLKW,,no complement,no complement,,,,,,,,,,,,,
1909522,XLP[,1Qisaa,Isaiah,40,31,JXLJPW,W QWJ JHWH JXLJPW KWX W J<LW >BR K NCRJM JRWYW W LW> JJG<W JLKW W LW> J<WPW,0 000 0000 000000 000 0 0000 000 0 00000 00000 0 000 00000 0000 0 000 00000 00,hifil,impf,,,no complement,no complement,,,,,,,,,,,,,
1909525,<LH[,1Qisaa,Isaiah,40,31,J<LW,W QWJ JHWH JXLJPW KWX W J<LW >BR K NCRJM JRWYW W LW> JJG<W JLKW W LW> J<WPW,0 000 0000 000000 000 0 0000 000 0 00000 00000 0 000 00000 0000 0 000 00000 00,hifil,impf,,,no complement,no complement,,,,,,,,,,,,,
1909529,RWY[,1Qisaa,Isaiah,40,31,JRWYW,W QWJ JHWH JXLJPW KWX W J<LW >BR K NCRJM JRWYW W LW> JJG<W JLKW W LW> J<WPW,0 000 0000 000000 000 0 0000 000 0 00000 00000 0 000 00000 0000 0 000 00000 00,qal,impf,,,no complement,no complement,,,,,,,,,,,,,
1909533,HLK[,1Qisaa,Isaiah,40,31,JLKW,W QWJ JHWH JXLJPW KWX W J<LW >BR K NCRJM JRWYW W LW> JJG<W JLKW W LW> J<WPW,0 000 0000 000000 000 0 0000 000 0 00000 00000 0 000 00000 0000 0 000 00000 00,qal,impf,,,no complement,no complement,,,,,,,,,,,,,
226073,XLP[,MT,Isaiah,41,1,JXLJPW,HXRJCW >LJ >JJM W L>MJM JXLJPW KX JGCW >Z JDBRW JXDW L MCPV NQRBH,,hif,impf,W L>MJM JXLJPW KX,L>MJM,no complement,no complement,,,,,,,,,,,,,
226075,NGC[,MT,Isaiah,41,1,JGCW,HXRJCW >LJ >JJM W L>MJM JXLJPW KX JGCW >Z JDBRW JXDW L MCPV NQRBH,,qal,impf,JGCW,,no complement,no complement,,,,,,,,,,,,,
226082,QRB[,MT,Isaiah,41,1,NQRBH,HXRJCW >LJ >JJM W L>MJM JXLJPW KX JGCW >Z JDBRW JXDW L MCPV NQRBH,,qal,impf,JXDW L MCPV NQRBH,,no complement,no complement,,,,,,,,,,,,,
1909543,XLP[,1Qisaa,Isaiah,41,1,JXLJPW,HXRJCW >LJ >JJM W L>WMJM JXLJPW KWX JGWCW >Z JDBRW JXDJW L MCPV NQRBH,000000 0000 0000 0 000000 000000 000 00000 00 00000 00000 0 0000 00000 00,hifil,impf,,,no complement,no complement,,,,,,,,,,,,,
1909545,NGC[,1Qisaa,Isaiah,41,1,JGWCW,HXRJCW >LJ >JJM W L>WMJM JXLJPW KWX JGWCW >Z JDBRW JXDJW L MCPV NQRBH,000000 0000 0000 0 000000 000000 000 00000 00 00000 00000 0 0000 00000 00,qal,impf,,,no complement,no complement,,,,,,,,,,,,,
1909551,QRB[,1Qisaa,Isaiah,41,1,NQRBH,HXRJCW >LJ >JJM W L>WMJM JXLJPW KWX JGWCW >Z JDBRW JXDJW L MCPV NQRBH,000000 0000 0000 0 000000 000000 000 00000 00 00000 00000 0 0000 00000 00,qal,impf,,,no complement,no complement,,,,,,,,,,,,,
1909569,JRD[,1Qisaa,Isaiah,41,2,JWRJD,MJ H<JR M MZRX YDQ W JQR>HW L RGLJW W JTN L PNJW GW>JM W MLKJM JWRJD W JTN K <PR XRBW K QC NWDP QCTW,00 0000 0 0000 000 0 0000000 0 000000 0 000 0 00000 00000 0 00000 00000 0 000 0 000 00000 0 00 0000 00000 00,hifil,impf,,,no complement,no complement,,,,,,,,,,,,,
226108,<BR[,MT,Isaiah,41,3,J<BWR,JRDPM J<BWR CLWM >RX B RGLJW L> JBW>,,qal,impf,J<BWR CLWM >RX,,no complement,no complement,,,,,,,,,,,,,
226114,BW>[,MT,Isaiah,41,3,JBW>,JRDPM J<BWR CLWM >RX B RGLJW L> JBW>,,qal,impf,B RGLJW L> JBW>,,no complement,no complement,,,,,,,,,,,,,
1909583,<BR[,1Qisaa,Isaiah,41,3,J<BWR,W JRDPM W J<BWR CLWM >WRX B RGLJW LW> JBJNW,0 000000 0 00000 0000 0000 0 000000 000 00000 00,qal,impf,,,no complement,no complement,,,,,,,,,,,,,
1921987,<BR[,1Q8,Isaiah,41,3,J<BWR,JRDPM J<BWR CLWM >RX B RGLJW L> JBW>,000000 00000 0000 000 0 000000 00 0000 00,qal,impf,,,no complement,no complement,,,,,,,,,,,,,
1921993,BW>[,1Q8,Isaiah,41,3,JBW>,JRDPM J<BWR CLWM >RX B RGLJW L> JBW>,000000 00000 0000 000 0 000000 00 0000 00,qal,impf,,,no complement,no complement,,,,,,,,,,,,,
226140,QRB[,MT,Isaiah,41,5,QRBW,R>W >JJM W JJR>W QYWT H >RY JXRDW QRBW W J>TJWN,,qal,perf,QRBW,,no complement,no complement,,,,,,,,,,,,,
226142,>TH[,MT,Isaiah,41,5,J>TJWN,R>W >JJM W JJR>W QYWT H >RY JXRDW QRBW W J>TJWN,,qal,wayq,W J>TJWN,,no complement,no complement,,,,,,,,,,,,,
1909617,QRB[,1Qisaa,Isaiah,41,5,QRBW,R>W >JJM W JR>W QY>WWT H >RY JXDW QRBW W >TJWN,000 0000 0 0000 000000 0 000 0000 0000 0 000000 00,qal,impv,,,no complement,no complement,,,,,,,,,,,,,
1909619,>TH[,1Qisaa,Isaiah,41,5,>TJWN,R>W >JJM W JR>W QY>WWT H >RY JXDW QRBW W >TJWN,000 0000 0 0000 000000 0 000 0000 0000 0 000000 00,qal,impv,,,no complement,no complement,,,,,,,,,,,,,
1922021,QRB[,1Q8,Isaiah,41,5,QRBW,R>W >JJM W JJR>W QYWT H >RY JXRDW QRBW W J>TJWN,000 0000 0 00000 0000 0 000 00000 0000 0 000000 00,qal,perf,,,no complement,no complement,,,,,,,,,,,,,
1922023,>TH[,1Q8,Isaiah,41,5,J>TJWN,R>W >JJM W JJR>W QYWT H >RY JXRDW QRBW W J>TJWN,000 0000 0 00000 0000 0 000 00000 0000 0 000000 00,qal,wayy,,,no complement,no complement,,,,,,,,,,,,,
226391,QRB[,MT,Isaiah,41,21,QRBW,QRBW RJBKM J>MR JHWH HGJCW <YMWTJKM J>MR MLK J<QB,,piel,impv,QRBW RJBKM,,no complement,no complement,,,,,,,,,,,,,
226395,NGC[,MT,Isaiah,41,21,HGJCW,QRBW RJBKM J>MR JHWH HGJCW <YMWTJKM J>MR MLK J<QB,,hif,impv,HGJCW <YMWTJKM,,no complement,no complement,,,,,,,,,,,,,
1909877,QRB[,1Qisaa,Isaiah,41,21,QRBW,QRBW RJBKMH JW>MR JHWH HGJCW <YMWTJKMH JW>MR MLK J<QWB,0000 0000000 00000 0000 00000 0000000000 00000 000 00000 00,piel,impv,QRBW RJBKMH,,no complement,no complement,,,,,,,,,,,,,
1909881,NGC[,1Qisaa,Isaiah,41,21,HGJCW,QRBW RJBKMH JW>MR JHWH HGJCW <YMWTJKMH JW>MR MLK J<QWB,0000 0000000 00000 0000 00000 0000000000 00000 000 00000 00,hifil,impv,HGJCW <YMWTJKMH,,no complement,no complement,,,,,,,,,,,,,
1922283,QRB[,1Q8,Isaiah,41,21,QRBW,QRBW RJBKM J>MR JHWH HGJCW <YMWTJKM J>MR MLK J<QB,0000 000000 0000 0000 00000 000000000 0000 000 0000 00,piel,impv,QRBW RJBKM,,no complement,no complement,,,,,,,,,,,,,
1922287,NGC[,1Q8,Isaiah,41,21,HGJCW,QRBW RJBKM J>MR JHWH HGJCW <YMWTJKM J>MR MLK J<QB,0000 000000 0000 0000 00000 000000000 0000 000 0000 00,hifil,impv,HGJCW <YMWTJKM,,no complement,no complement,,,,,,,,,,,,,
226400,NGC[,MT,Isaiah,41,22,JGJCW,JGJCW W JGJDW LNW >T >CR TQRJNH H R>CNWT MH HNH HGJDW W NFJMH LBNW W ND<H >XRJTN >W H B>WT HCMJ<NW,,hif,impf,JGJCW,,no complement,no complement,,,,,,,,,,,,,
226420,BW>[,MT,Isaiah,41,22,B>WT,JGJCW W JGJDW LNW >T >CR TQRJNH H R>CNWT MH HNH HGJDW W NFJMH LBNW W ND<H >XRJTN >W H B>WT HCMJ<NW,,qal,ptca,>W H B>WT HCMJ<NW,,no complement,no complement,,,,,,,,,,,,,
1909887,NGC[,1Qisaa,Isaiah,41,22,JGJCW,JGJCW W JGJDW LNW >T >CR TQR>WN H R>JCWNWT MH HNH HGJDW W NFJMH LBNW W ND<H >W >XRWNWT >W H B>WT HCMJ<WNW,00000 0 00000 0000 00 000 0000000 0 00000000 00 000 00000 0 00000 00000 0 0000 00 0000000 00 0 0000 000000000 00,hifil,impf,,,no complement,no complement,,,,,,,,,,,,,
1909908,BW>[,1Qisaa,Isaiah,41,22,B>WT,JGJCW W JGJDW LNW >T >CR TQR>WN H R>JCWNWT MH HNH HGJDW W NFJMH LBNW W ND<H >W >XRWNWT >W H B>WT HCMJ<WNW,00000 0 00000 0000 00 000 0000000 0 00000000 00 000 00000 0 00000 00000 0 0000 00 0000000 00 0 0000 000000000 00,qal,ptca,,,no complement,no complement,,,,,,,,,,,,,
1922293,NGC[,1Q8,Isaiah,41,22,JGJCW,JGJCW W JGJDW LNW >T >CR TQRJNH H R>CNWT MH HNH HGJDW W NFJMH LBNW W ND<H >XRJTN >W H B>WT HCMJ<NW,00000 0 00000 0000 00 000 000000 0 000000 00 000 00000 0 00000 00000 0 0000 0000000 00 0 0000 00000000 00,hifil,impf,,,no complement,no complement,,,,,,,,,,,,,
1922313,BW>[,1Q8,Isaiah,41,22,B>WT,JGJCW W JGJDW LNW >T >CR TQRJNH H R>CNWT MH HNH HGJDW W NFJMH LBNW W ND<H >XRJTN >W H B>WT HCMJ<NW,00000 0 00000 0000 00 000 000000 0 000000 00 000 00000 0 00000 00000 0 0000 0000000 00 0 0000 00000000 00,qal,ptca,,,no complement,no complement,,,,,,,,,,,,,
226424,>TH[,MT,Isaiah,41,23,>TJWT,HGJDW H >TJWT L >XWR W ND<H KJ >LHJM >TM >P TJVJBW W TR<W W NCT<H W NR> JXDW,,qal,ptca,H >TJWT L >XWR,,no complement,no complement,,,,,,,,,,,,,
1909913,>TH[,1Qisaa,Isaiah,41,23,>WTJWT,HGJDW H >WTJWT L >XWR W ND<H KJ> >LWHJM >TMH >P TJVJBW W TR<W W NCM<H W NR>H JXDJW,00000 0 000000 0 0000 0 0000 000 000000 0000 00 000000 0 0000 0 00000 0 0000 00000 00,qal,ptca,,,no complement,no complement,,,,,,,,,,,,,
1922318,>TH[,1Q8,Isaiah,41,23,>TJWT,HGJDW H >TJWT L >XWR W ND<H KJ >LHJM >TM >P TJVJBW W TR<W W NCT<H W NR>H JXDJW,00000 0 00000 0 0000 0 0000 00 00000 000 00 000000 0 0000 0 00000 0 0000 00000 00,qal,ptca,,,no complement,no complement,,,,,,,,,,,,,
226456,>TH[,MT,Isaiah,41,25,J>T,H<JRWTJ M YPWN W J>T M MZRX CMC JQR> B CMJ W JB> SGNJM KMW XMR W KMW JWYR JRMS VJV,,qal,wayq,W J>T,,no complement,no complement,,,,,,,,,,,,,
226464,BW>[,MT,Isaiah,41,25,JB>,H<JRWTJ M YPWN W J>T M MZRX CMC JQR> B CMJ W JB> SGNJM KMW XMR W KMW JWYR JRMS VJV,,qal,impf,W JB> SGNJM KMW XMR,,no complement,no complement,,,,,,,,,,,,,
1909945,>TH[,1Qisaa,Isaiah,41,25,J>TJW,H<JRWT M YPWN W J>TJW M MZRX CMC W JQR> B CMW W JBW>W SGNJM KMW XMR W KMW JWYR W JRMWS VJV,000000 0 0000 0 00000 0 0000 000 0 0000 0 0000 0 00000 00000 000 000 0 000 0000 0 00000 000 00,qal,wayy,,,no complement,no complement,,,,,,,,,,,,,
1909954,BW>[,1Qisaa,Isaiah,41,25,JBW>W,H<JRWT M YPWN W J>TJW M MZRX CMC W JQR> B CMW W JBW>W SGNJM KMW XMR W KMW JWYR W JRMWS VJV,000000 0 0000 0 00000 0 0000 000 0 0000 0 0000 0 00000 00000 000 000 0 000 0000 0 00000 000 00,qal,impf,,,no complement,no complement,,,,,,,,,,,,,
226520,CWB[,MT,Isaiah,41,28,JCJBW,W >R> W >JN >JC W M >LH W >JN JW<Y W >C>LM W JCJBW DBR,,hif,impf,W JCJBW DBR,,no complement,no complement,,,,,,,,,,,,,
1910012,CWB[,1Qisaa,Isaiah,41,28,JCJBW,W >R>H W >JN >JC W M >LH W >JN JW<Y >C>LM W JCJBW DBR,0 0000 0 000 000 0 0 000 0 000 0000 000000 0 00000 000 00,hifil,impf,,,no complement,no complement,,,,,,,,,,,,,
226545,JY>[,MT,Isaiah,42,1,JWYJ>,HN <BDJ >TMK BW BXJRJ RYTH NPCJ NTTJ RWXJ <LJW MCPV L GWJM JWYJ>,,hif,impf,MCPV L GWJM JWYJ>,,L GWJM,L H GWJ/,,0,prep,,,det,subs,,,L,,,
1910040,JY>[,1Qisaa,Isaiah,42,1,JWYJ>,HNH <BDJ >TMWKH BW BXJRJ RYTH NPCJ NTTJ RWXJ <LJW W MCPVW L GW>JM JWYJ>,000 00000 000000 000 000000 0000 00000 0000 00000 00000 0 000000 0 00000 00000 00,hifil,impf,W MCPVW L GW>JM JWYJ>,,L GW>JM,no complement,,0,,,,,,,,L,,,
226569,JY>[,MT,Isaiah,42,3,JWYJ>,QNH RYWY L> JCBWR W PCTH KHH L> JKBNH L >MT JWYJ> MCPV,,hif,impf,L >MT JWYJ> MCPV,,no complement,no complement,,,,,,,,,,,,,
1910065,JY>[,1Qisaa,Isaiah,42,3,JWYJ>,QNH RYWY LW> JCBWR W PCTH KHH LW> JKBH L >MT JWYJ> MCPV,000 0000 000 00000 0 0000 000 000 0000 0 000 00000 0000 00,hifil,impf,L >MT JWYJ> MCPV,,no complement,no complement,,,,,,,,,,,,,
226575,RWY[,MT,Isaiah,42,4,JRWY,L> JKHH W L> JRWY <D JFJM B >RY MCPV W L TWRTW >JJM JJXJLW,,qal,impf,W L> JRWY,,no complement,no complement,,,,,,,,,,,,,
1910073,RWY[,1Qisaa,Isaiah,42,4,JRWY,W LW> JKHH W LW> JRWY <D JFJM B >RY MCPV W L TWRTJW >JJM JNXJLW,0 000 0000 0 000 0000 00 0000 0 000 0000 0 0 0000000 0000 000000 00,qal,impf,,,no complement,no complement,,,,,,,,,,,,,
226612,HLK[,MT,Isaiah,42,5,HLKJM,KH >MR H >L JHWH BWR> H CMJM W NWVJHM RQ< H >RY W Y>Y>JH NTN NCMH L <M <LJH W RWX L HLKJM BH,,qal,ptca,L HLKJM BH,,BH,B,,0,prep,,,det,,,,B,,,
1910109,HLK[,1Qisaa,Isaiah,42,5,HWLKJM,KWH >MR H >L H >LWHJM BWRH H CMJM W NWVJHMH RWQ< H >RY W Y>Y>JH NWTN NCMH L <M <LJH> W RWX L HWLKJM BH,000 000 0 00 0 000000 0000 0 0000 0 00000000 0000 0 000 0 0000000 0000 0000 0 00 000000 0 000 0 000000 000 00,qal,ptca,L HWLKJM BH,,BH,no complement,,0,,,,,,,,B,,,
226638,JY>[,MT,Isaiah,42,7,HWYJ>,L PQX <JNJM <WRWT L HWYJ> M MSGR >SJR M BJT KL> JCBJ XCK,,hif,infc,L HWYJ> M MSGR >SJR,,M MSGR,MN MSGR/,,0,prep,,,und,subs,,,MN,,,
1910137,JY>[,1Qisaa,Isaiah,42,7,HWYJ>,L PQWX <JNJM <WRWT L HWYJ> M MSGR >SWR W M BJT KL> JWCBJ XWCK,0 0000 00000 00000 0 00000 0 0000 0000 0 0 000 000 00000 0000 00,hifil,infc,L HWYJ> M MSGR >SWR,,M MSGR,no complement,,0,,,,,,,,MN,,,
226665,BW>[,MT,Isaiah,42,9,B>W,H R>CNWT HNH B>W W XDCWT >NJ MGJD B VRM TYMXNH >CMJ< >TKM,,qal,perf,HNH B>W,,no complement,no complement,,,,,,,,,,,,,
1910167,BW>[,1Qisaa,Isaiah,42,9,B>W,H RJCWNWT HNH B>W W H XDCWT >NJ MGJD B VRM TYMXNH >CMJ< >TKMH,0 0000000 000 000 0 0 00000 000 0000 0 000 000000 00000 000000 00,qal,perf,,,no complement,no complement,,,,,,,,,,,,,
226685,JRD[,MT,Isaiah,42,10,JWRDJ,CJRW L JHWH CJR XDC THLTW M QYH H >RY JWRDJ H JM W ML>W >JJM W JCBJHM,,qal,ptca,JWRDJ H JM W ML>W,,no complement,no complement,,,,,,,,,,,,,
1910190,JRD[,1Qisaa,Isaiah,42,10,JWRDJ,CJRW L JHWH CJR XDC W THLTW M QYH H >RY JWRDJ H JM W MLW>W >JJM W JWCBJHM,0000 0 0000 000 000 0 000000 0 000 0 000 00000 0 00 0 000000 0000 0 00000000 00,qal,ptca,,,no complement,no complement,,,,,,,,,,,,,
226721,JY>[,MT,Isaiah,42,13,JY>,JHWH K GBWR JY> K >JC MLXMWT J<JR QN>H JRJ< >P JYRJX <L >JBJW JTGBR,,qal,impf,JHWH K GBWR JY>,JHWH,no complement,no complement,,,,,,,,,,,,,
1910228,JY>[,1Qisaa,Isaiah,42,13,JY>,JHWH K GBWR JY> K >JC MLXMWT J<JR QN>H JWDJ< >P JYRJX <L >WJBJW JTGBR,0000 0 0000 000 0 000 000000 0000 0000 00000 00 00000 00 0000000 00000 00,qal,impf,,,no complement,no complement,,,,,,,,,,,,,
226764,HLK[,MT,Isaiah,42,16,HWLKTJ,W HWLKTJ <WRJM B DRK L> JD<W B NTJBWT L> JD<W >DRJKM >FJM MXCK L PNJHM L >WR W M<QCJM L MJCWR >LH H DBRJM <FJTM W L> <ZBTJM,,hif,perf,W HWLKTJ <WRJM B DRK,,B DRK,B DRK/,,0,prep,,,und,subs,,,B,,,
1910273,HLK[,1Qisaa,Isaiah,42,16,HWLJKTJ,W HWLJKTJ <WRJM B DRK W LW> JD<W B NTJBWT LW> JD<W >DRJKM >FJMH MHCWKJM L PNJHMH L >WR W M<QCJM L MJCWR >LH H DBRJM <FJTJM W LW> <ZBTJM,0 0000000 00000 0 000 0 000 0000 0 000000 000 0000 0000000 00000 0000000 0 0000000 0 000 0 000000 0 00000 000 0 00000 0000000 0 000 0000000 00,hifil,perf,W HWLJKTJ <WRJM B DRK,,B DRK,no complement,,0,,,,,,,,B,,,
226880,CWB[,MT,Isaiah,42,22,HCB,W HW> <M BZWZ W CSWJ HPX B XWRJM KLM W B BTJ KL>JM HXB>W HJW L BZ W >JN MYJL MCSH W >JN >MR HCB,,hif,impv,HCB,,no complement,no complement,,,,,,,,,,,,,
1910396,CWB[,1Qisaa,Isaiah,42,22,HCB,W HW>H <M BZWZ W CSWJ HPX B XWRJM KWLM W B BTJ KL>JM HWXB>W HJW L BZ W >JN MYJL L MCWSH W >JN >WMR HCB,0 0000 00 0000 0 0000 000 0 00000 00000 0 0 000 00000 000000 000 0 00 0 000 0000 0 00000 0 000 0000 000 00,hifil,impv,,,no complement,no complement,,,,,,,,,,,,,
226910,HLK[,MT,Isaiah,42,24,HLWK,MJ NTN L MCWSH J<QB W JFR>L L BZZJM H LW> JHWH ZW XV>NW LW W L> >BW B DRKJW HLWK W L> CM<W B TWRTW,,qal,infa,B DRKJW HLWK,,B DRKJW,B DRK/,,0,prep,,,det,subs,,,B,,,
1910431,HLK[,1Qisaa,Isaiah,42,24,HLWK,MJ> NTN L MCWSH J<QWB W JFR>L L BWZZJM H LW> JHWH ZH XV>NW LW W LW> >BW B DRKJW L HLWK W LW> CM<W B TWRTJW,000 000 0 00000 00000 0 00000 0 000000 0 000 0000 00 00000 000 0 000 000 0 000000 0 0000 0 000 0000 0 0000000 00,qal,infc,B DRKJW L HLWK,,B DRKJW,no complement,,0,,,,,,,,B,,,
226959,<BR[,MT,Isaiah,43,2,T<BR,KJ T<BR B MJM >TK >NJ W B NHRWT L> JCVPWK KJ TLK BMW >C L> TKWH W LHBH L> TB<R BK,,qal,impf,KJ T<BR B MJM,,B MJM,B H MJM/,,0,prep,,,det,subs,,,B,,,
226972,HLK[,MT,Isaiah,43,2,TLK,KJ T<BR B MJM >TK >NJ W B NHRWT L> JCVPWK KJ TLK BMW >C L> TKWH W LHBH L> TB<R BK,,qal,impf,KJ TLK BMW >C,,BMW >C,BMW >C/,,0,prep,,,und,subs,,,B,,,
226970,CVP[,MT,Isaiah,43,2,JCVPWK,KJ T<BR B MJM >TK >NJ W B NHRWT L> JCVPWK KJ TLK BMW >C L> TKWH W LHBH L> TB<R BK,,qal,impf,L> JCVPWK,,no complement,no complement,,,,,,,,,,,,,
1910483,<BR[,1Qisaa,Isaiah,43,2,T<BWR,KJ> T<BWR B MJM >TKH >NJ W B NHRWT LW> JCVPWK KJ> TLK BMW >C LW> TKWH W LHBH LW> TB<R BKH,000 00000 0 000 00000 000 0 0 00000 000 0000000 000 000 000 00 000 0000 0 0000 000 0000 0000 00,qal,impf,KJ> T<BWR B MJM,,B MJM,no complement,,0,,,,,,,,B,,,
1910492,CVP[,1Qisaa,Isaiah,43,2,JCVPWK,KJ> T<BWR B MJM >TKH >NJ W B NHRWT LW> JCVPWK KJ> TLK BMW >C LW> TKWH W LHBH LW> TB<R BKH,000 00000 0 000 00000 000 0 0 00000 000 0000000 000 000 000 00 000 0000 0 0000 000 0000 0000 00,qal,impf,,,no complement,no complement,,,,,,,,,,,,,
1910494,HLK[,1Qisaa,Isaiah,43,2,TLK,KJ> T<BWR B MJM >TKH >NJ W B NHRWT LW> JCVPWK KJ> TLK BMW >C LW> TKWH W LHBH LW> TB<R BKH,000 00000 0 000 00000 000 0 0 00000 000 0000000 000 000 000 00 000 0000 0 0000 000 0000 0000 00,qal,impf,KJ> TLK BMW >C,,BMW >C,no complement,,0,,,,,,,,B,,,
1922376,<BR[,1Q8,Isaiah,43,2,T<BR,KJ T<BR B MJM >TK >NJ W B NHRWT L> JCVPWK KJ TLK BMW >C L> TKWH W LHBH L> TB<R BK,00 0000 0 000 0000 000 0 0 00000 00 0000000 00 000 000 00 00 0000 0 0000 00 0000 000 00,qal,impf,KJ T<BR B MJM,,B MJM,no complement,,0,,,,,,,,B,,,
1922385,CVP[,1Q8,Isaiah,43,2,JCVPWK,KJ T<BR B MJM >TK >NJ W B NHRWT L> JCVPWK KJ TLK BMW >C L> TKWH W LHBH L> TB<R BK,00 0000 0 000 0000 000 0 0 00000 00 0000000 00 000 000 00 00 0000 0 0000 00 0000 000 00,qal,impf,,,no complement,no complement,,,,,,,,,,,,,
1922387,HLK[,1Q8,Isaiah,43,2,TLK,KJ T<BR B MJM >TK >NJ W B NHRWT L> JCVPWK KJ TLK BMW >C L> TKWH W LHBH L> TB<R BK,00 0000 0 000 0000 000 0 0 00000 00 0000000 00 000 000 00 00 0000 0 0000 00 0000 000 00,qal,impf,KJ TLK BMW >C,,BMW >C,no complement,,0,,,,,,,,B,,,
227020,BW>[,MT,Isaiah,43,5,>BJ>,>L TJR> KJ >TK >NJ M MZRX >BJ> ZR<K W M M<RB >QBYK,,hif,impf,M MZRX >BJ> ZR<K,,M MZRX,MN MZRX/,,0,prep,,,und,subs,,,MN,,,
1910545,BW>[,1Qisaa,Isaiah,43,5,>BJ>,>L TJR> KJ> >TKH >NJ M MZRX >BJ> ZR<KH W M M<RB >QBYKH,00 0000 000 00000 000 0 0000 0000 000000 0 0 0000 0000000 00,hifil,impf,M MZRX >BJ> ZR<KH,,M MZRX,MN MZRX/,,0,prep,,,und,subs,,,MN,,,
1922438,BW>[,1Q8,Isaiah,43,5,>BJ>,>L TJR> KJ >TK >NJ M MZRX >BJ> ZR<K W M M<RB >QBYK,00 0000 00 0000 000 0 0000 0000 00000 0 0 0000 000000 00,hifil,impf,M MZRX >BJ> ZR<KH,,M MZRX,MN MZRX/,,0,prep,,,und,subs,,,MN,,,
227036,BW>[,MT,Isaiah,43,6,HBJ>J,>MR L YPWN TNJ W L TJMN >L TKL>J HBJ>J BNJ M RXWQ W BNWTJ M QYH H >RY,,hif,impv,HBJ>J BNJ M RXWQ,,M RXWQ,MN RXWQ/,,0,prep,,,und,,,,MN,,,
1910561,BW>[,1Qisaa,Isaiah,43,6,HBJ>W,>WMR L YPWN TNJ W L TJMN >L TKL>J HBJ>W BNJ M RXWQ W BNWTJ M QYWJ H >RY,0000 0 0000 000 0 0 0000 00 00000 00000 0000 0 0000 0 000000 0 0000 0 000 00,hifil,impv,HBJ>W BNJ M RXWQ,,M RXWQ,no complement,,0,,,,,,,,MN,,,
1922454,BW>[,1Q8,Isaiah,43,6,HBJ>W,>WMR L YPWN TNJ W L TJMN >L TKL>J HBJ>W BNJK M RXWQ W BNTJK M QYH H >RY,0000 0 0000 000 0 0 0000 00 00000 00000 00000 0 0000 0 000000 0 000 0 000 00,hifil,impv,HBJ>W BNJK M RXWQ,,M RXWQ,no complement,,0,,,,,,,,MN,,,
227058,JY>[,MT,Isaiah,43,8,HWYJ>,HWYJ> <M <WR W <JNJM JC W XRCJM W >ZNJM LMW,,hif,infc,HWYJ> <M <WR,,no complement,no complement,,,,,,,,,,,,,
1910585,JY>[,1Qisaa,Isaiah,43,8,HWYJ>W,HWYJ>W <M <W>R <JNJM JC W XRCJM W >WZNJM LMW,000000 00 0000 00000 00 0 00000 0 000000 0000 00,hifil,impv,,,no complement,no complement,,,,,,,,,,,,,
1922479,JY>[,1Q8,Isaiah,43,8,>WYJ>,>WYJ> <M <WR W <JNJM JC W XRCJM W >ZNJM LMW,00000 00 000 0 00000 00 0 00000 0 00000 0000 00,hifil,impf,,,no complement,no complement,,,,,,,,,,,,,
227159,CWB[,MT,Isaiah,43,13,JCJBNH,GM M JWM >NJ HW> W >JN M JDJ MYJL >P<L W MJ JCJBNH,,hif,impf,W MJ JCJBNH,MJ,no complement,no complement,,,,,,,,,,,,,
1910689,CWB[,1Qisaa,Isaiah,43,13,JCJBNH,GM M JWM >NJ HW>H W >JN M JDJ MYJL >P<WLH W MJ JCJBNH,00 0 000 000 0000 0 000 0 0000 0000 000000 0 00 0000000 00,hifil,impf,W MJ JCJBNH,MJ,no complement,no complement,,,,,,,,,,,,,
1922583,CWB[,1Q8,Isaiah,43,13,JCJBNH,GM M JWM >NJ HW> W >JN M JDJ MYJL >P<L W MJ JCJBNH,00 0 000 000 000 0 000 0 0000 0000 0000 0 00 0000000 00,hifil,impf,W MJ JCJBNH,MJ,no complement,no complement,,,,,,,,,,,,,
227170,JRD[,MT,Isaiah,43,14,HWRDTJ,KH >MR JHWH G>LKM QDWC JFR>L LM<NKM CLXTJ BBLH W HWRDTJ BRJXJM KLM W KFDJM B >NJWT RNTM,,hif,perf,W HWRDTJ BRJXJM KLM,,no complement,no complement,,,,,,,,,,,,,
1910702,JRD[,1Qisaa,Isaiah,43,14,HWRDTJ,KWH >MR JHWH GW>LKMH QDWC JFR>L LM<NKMH CLXTJ B BBL W HWRDTJ BRJXJM KWLM W KFDJJM B >WNJWT RNTMH,000 000 0000 00000000 0000 00000 00000000 00000 0 000 0 000000 000000 00000 0 000000 0 000000 000000 00,hifil,perf,,,no complement,no complement,,,,,,,,,,,,,
227199,JY>[,MT,Isaiah,43,17,MWYJ>,H MWYJ> RKB W SWS XJL W <ZWZ JXDW JCKBW BL JQWMW D<KW K PCTH KBW,,hif,ptca,H MWYJ> RKB W SWS XJL W <ZWZ,,no complement,no complement,,,,,,,,,,,,,
1910733,JY>[,1Qisaa,Isaiah,43,17,MWYJ>,H MWYJ> RKB W SWS W XJL W <WZWZ JXDJW JCKWBW BL JQWMW D<KW K PCTH KBW,0 00000 000 0 000 0 000 0 00000 00000 000000 00 00000 0000 0 0000 000 00,hifil,ptca,,,no complement,no complement,,,,,,,,,,,,,
227276,BW>[,MT,Isaiah,43,23,HBJ>T,L> HBJ>T LJ FH <LTJK W ZBXJK L> KBDTNJ L> H<BDTJK B MNXH W L> HWG<TJK B LBWNH,,hif,perf,L> HBJ>T LJ FH <LTJK,,LJ,L,,0,prep,,,det,,,,L,,,
1910817,BW>[,1Qisaa,Isaiah,43,23,HBJ>WTH,LW> HBJ>WTH LJ FH L <WLH W B ZBXJKH LW> KBDTNJ W LW> <FJTH LJ> MNXH W LW> HWG<TJKH B LBWNH,000 0000000 000 00 0 0000 0 0 0000000 000 0000000 0 000 00000 0000 0000 0 000 000000000 0 00000 00,hifil,perf,LW> HBJ>WTH LJ FH L,,LJ,no complement,,0,,,,,,,,L,,,
1922630,BW>[,1Q8,Isaiah,43,23,HBJ>WT,L> HBJ>WT LJ FH <LTJK W ZBXJK L> KBDTNJ L> H<BDTJK B MNXH W L> HWG<TJK B LBWNH,00 000000 000 00 000000 0 000000 00 0000000 00 00000000 0 0000 0 00 00000000 0 00000 00,hifil,perf,L> HBJ>WT LJ FH <LTJK,,LJ,L,,0,prep,,,det,,,,L,,,
227459,>TH[,MT,Isaiah,44,7,>TJWT,W MJ KMWNJ JQR> W JGJDH W J<RKH LJ M FWMJ <M <WLM W >TJWT W >CR TB>NH JGJDW LMW,,qal,ptca,W >TJWT JGJDW LMW,,LMW,L,,0,prep,,,det,,,,L,,,
227462,BW>[,MT,Isaiah,44,7,TB>NH,W MJ KMWNJ JQR> W JGJDH W J<RKH LJ M FWMJ <M <WLM W >TJWT W >CR TB>NH JGJDW LMW,,qal,impf,W >CR TB>NH,,no complement,no complement,,,,,,,,,,,,,
1911016,>TH[,1Qisaa,Isaiah,44,7,>WTJWT,W MJ> KMWNJ JQR> W JGJDH W J<RWKHH LW> M FJMW <M <WLM W >WTJWT JW>MR >CR TBW>JNH JGJDW LMW,0 000 000000 0000 0 000000 0 00000000 0000 0 00000 00 0000 0 000000 00000 000 0000000 00000 0000 00,qal,ptca,W >WTJWT JGJDW LMW,,LMW,no complement,,0,,,,,,,,L,,,
1911019,BW>[,1Qisaa,Isaiah,44,7,TBW>JNH,W MJ> KMWNJ JQR> W JGJDH W J<RWKHH LW> M FJMW <M <WLM W >WTJWT JW>MR >CR TBW>JNH JGJDW LMW,0 000 000000 0000 0 000000 0 00000000 0000 0 00000 00 0000 0 000000 00000 000 0000000 00000 0000 00,qal,impf,,,no complement,no complement,,,,,,,,,,,,,
227564,T>R[,MT,Isaiah,44,13,JT>RHW,XRC <YJM NVH QW JT>RHW B FRD J<FHW B MQY<WT W B MXWGH JT>RHW W J<FHW K TBNJT >JC K TP>RT >DM L CBT BJT,,piel,impf,JT>RHW B FRD,,no complement,no complement,,,,,,,,,,,,,
227576,T>R[,MT,Isaiah,44,13,JT>RHW,XRC <YJM NVH QW JT>RHW B FRD J<FHW B MQY<WT W B MXWGH JT>RHW W J<FHW K TBNJT >JC K TP>RT >DM L CBT BJT,,piel,impf,W B MXWGH JT>RHW,,no complement,no complement,,,,,,,,,,,,,
1911129,T>R[,1Qisaa,Isaiah,44,13,JT>RHW,XWRC <YJM NVHW QW JT>RHW B FRD W <FHW B MQY<WT W B MXGH JT>RHW W J<FHW K TBNJT >JC K TP>RT >DM L CBT BJT,0000 0000 00000 00 0000000 0 000 0 00000 0 000000 0 0 0000 0000000 0 000000 0 00000 000 0 00000 000 0 000 000 00,piel,impf,,,no complement,no complement,,,,,,,,,,,,,
1911139,T>R[,1Qisaa,Isaiah,44,13,JT>RHW,XWRC <YJM NVHW QW JT>RHW B FRD W <FHW B MQY<WT W B MXGH JT>RHW W J<FHW K TBNJT >JC K TP>RT >DM L CBT BJT,0000 0000 00000 00 0000000 0 000 0 00000 0 000000 0 0 0000 0000000 0 000000 0 00000 000 0 00000 000 0 000 000 00,piel,impf,,,no complement,no complement,,,,,,,,,,,,,
227689,CWB[,MT,Isaiah,44,19,JCJB,W L> JCJB >L LBW W L> D<T W L> TBWNH L >MR XYJW FRPTJ BMW >C W >P >PJTJ <L GXLJW LXM >YLH BFR W >KL W JTRW L TW<BH ><FH L BWL <Y >SGWD,,hif,impf,W L> JCJB >L LBW,,>L LBW,>L LB/,,0,prep,,,det,subs,,,>L,,,
1911262,CWB[,1Qisaa,Isaiah,44,19,JCJB,W LW> JCJB >L LBW W LW> D<T W LW> TBWNH L >MWR L >MWR XYJW FRPTJ BMW >C W >P >PJTJ <L GXLJW LXM W >YLH BFR W >WKLH W JTRW L TW<BWT ><FH L BLWJ <Y >SGWD,0 000 0000 00 0000 0 000 000 0 000 00000 0 0000 0 0000 00000 00000 000 00 0 00 00000 00 000000 000 0 0000 000 0 00000 0 00000 0 000000 0000 0 0000 00 00000 00,hifil,impf,W LW> JCJB >L LBW,,>L LBW,no complement,,0,,,,,,,,>L,,,
227766,CWB[,MT,Isaiah,44,22,CWBH,MXJTJ K <B PC<JK W K <NN XV>WTJK CWBH >LJ KJ G>LTJK,,qal,impv,CWBH >LJ,,>LJ,>L,,,prep,,,det,,,,>L,,,
1911339,CWB[,1Qisaa,Isaiah,44,22,CWBH,MXJTJ K <B PC<KH W K <NN XV>WTJKH CWBH >LJ KJ> G>LTJKH,00000 0 00 000000 0 0 000 000000000 00000 0000 000 00000000 00,qal,impv,CWBH >LJ,,>LJ,no complement,,0,,,,,,,,>L,,,
1922732,CWB[,1Q8,Isaiah,44,22,CWBH,MXJTJ K <B PC<JK W K <NN XV>WTJK CWBH >LJ KJ G>LTJK,00000 0 00 000000 0 0 000 00000000 00000 0000 00 0000000 00,qal,impv,CWBH >LJ,,>LJ,no complement,,0,,,,,,,,>L,,,
227821,CWB[,MT,Isaiah,44,25,MCJB,MPR >TWT BDJM W QSMJM JHWLL MCJB XKMJM >XWR W D<TM JFKL,,hif,ptca,MCJB XKMJM >XWR,,>XWR,>XWR/,,0,vc,,,,subs,,,,,,
1911399,CWB[,1Qisaa,Isaiah,44,25,MCJB,MPR >WTWT BDJM W QSMJM JHWLL MCJB XKMJM >XWR W D<TM JSKL,000 00000 0000 0 00000 00000 0000 00000 0000 0 00000 0000 00,hifil,ptca,MCJB XKMJM >XWR,,>XWR,>XWR/,,0,vc,,,,subs,,,,,,
1922790,CWB[,1Q8,Isaiah,44,25,MCJB,MPR >TT BDJM W QWSMJM JHWLL MCJB XKMJM >XWR W D<TM JSKL,000 000 0000 0 000000 00000 0000 00000 0000 0 00000 0000 00,hifil,ptca,MCJB XKMJM >XWR,,>XWR,>XWR/,,0,vc,,,,subs,,,,,,
227906,HLK[,MT,Isaiah,45,2,>LK,>NJ L PNJK >LK W HDWRJM >WCR DLTWT NXWCH >CBR W BRJXJ BRZL >GD<,,qal,impf,>NJ L PNJK >LK,>NJ,no complement,no complement,,,,,,,,,,,,,
1911488,HLK[,1Qisaa,Isaiah,45,2,>LK,>NJ L PNJKH >LK W HRRJM J>WCR DLTWT NXWCH >CBWR W BRJXJ BRZL >GD<,000 0 000000 000 0 00000 00000 00000 00000 00000 0 00000 0000 0000 00,qal,impf,,,no complement,no complement,,,,,,,,,,,,,
1922879,HLK[,1Q8,Isaiah,45,2,>LK,>NJ L PNJK >LK W HRWRJM >JCR DLTWT NXWCH >CBR W BRJXJ BRZL >GD<,000 0 00000 000 0 000000 0000 000000 00000 0000 0 00000 0000 0000 00,qal,impf,,,no complement,no complement,,,,,,,,,,,,,
228053,>TH[,MT,Isaiah,45,11,>TJWT,KH >MR JHWH QDWC JFR>L W JYRW H >TJWT C>LWNJ <L BNJ W <L P<L JDJ TYWNJ,,qal,ptca,H >TJWT C>LWNJ,,no complement,no complement,,,,,,,,,,,,,
1911644,>TH[,1Qisaa,Isaiah,45,11,>WTWT,KWH >MR JHWH QDWC JFR>L JWYR H >WTWT C>LWNJ <L BNJ W <L PW<L JDJ TYWWNJ,000 000 0000 0000 00000 0000 0 00000 0000000 00 0000 0 00 0000 0000 0000000 00,,,,,no complement,no complement,,,,,,,,,,,,,
1923037,>TH[,1Q8,Isaiah,45,11,>TJWT,KH >MR JHWH QDWC JFR>L W JWYRW H >TJWT C>LWNJ L BNJ W <L P<L JDJ TYWNJ,00 000 0000 0000 00000 0 000000 0 00000 0000000 10 0000 0 00 000 0000 000000 00,qal,ptca,,,no complement,no complement,,,,,,,,,,,,,
228114,<BR[,MT,Isaiah,45,14,J<BRW,KH >MR JHWH JGJ< MYRJM W SXR KWC W SB>JM >NCJ MDH <LJK J<BRW W LK JHJW >XRJK JLKW B ZQJM J<BRW W >LJK JCTXWW >LJK JTPLLW >K BK >L W >JN <WD >PS >LHJM,,qal,impf,JGJ< MYRJM W SXR KWC W SB>JM >NCJ MDH <LJK J<BRW,JGJ< MYRJM W SXR KWC W SB>JM >NCJ MDH,<LJK,<L,,0,prep,,,det,,,,<L,,,
228119,HLK[,MT,Isaiah,45,14,JLKW,KH >MR JHWH JGJ< MYRJM W SXR KWC W SB>JM >NCJ MDH <LJK J<BRW W LK JHJW >XRJK JLKW B ZQJM J<BRW W >LJK JCTXWW >LJK JTPLLW >K BK >L W >JN <WD >PS >LHJM,,qal,impf,>XRJK JLKW,,>XRJK,>XR/,,0,vc,,,det,subs,,,,,,
228123,<BR[,MT,Isaiah,45,14,J<BRW,KH >MR JHWH JGJ< MYRJM W SXR KWC W SB>JM >NCJ MDH <LJK J<BRW W LK JHJW >XRJK JLKW B ZQJM J<BRW W >LJK JCTXWW >LJK JTPLLW >K BK >L W >JN <WD >PS >LHJM,,qal,impf,B ZQJM J<BRW,,no complement,no complement,,,,,,,,,,,,,
1911707,<BR[,1Qisaa,Isaiah,45,14,J<BWRW,KWH >MR JHWH JGJ< MYRJM W SXR KWC SB>JM >NCJ MDWT <LJK J<BWRW W LK JHJW >XRJK JLKW B ZQJM J<BWRW W >LJKJ JCTXWWH W >LJKJ JTPLLW >K BKJ >L W >JN <WD >PS >LWHJM,000 000 0000 0000 00000 0 000 000 00000 0000 0000 00000 000000 0 000 0000 000000 0000 0 0000 000000 0 000000 0000000 0 000000 000000 00 0000 00 0 000 000 000 000000 00,qal,impf,JGJ< MYRJM W SXR KWC SB>JM >NCJ MDWT <LJK J<BWRW,,<LJK,no complement,,0,,,,,,,,<L,,,
1911712,HLK[,1Qisaa,Isaiah,45,14,JLKW,KWH >MR JHWH JGJ< MYRJM W SXR KWC SB>JM >NCJ MDWT <LJK J<BWRW W LK JHJW >XRJK JLKW B ZQJM J<BWRW W >LJKJ JCTXWWH W >LJKJ JTPLLW >K BKJ >L W >JN <WD >PS >LWHJM,000 000 0000 0000 00000 0 000 000 00000 0000 0000 00000 000000 0 000 0000 000000 0000 0 0000 000000 0 000000 0000000 0 000000 000000 00 0000 00 0 000 000 000 000000 00,qal,impf,>XRJK JLKW,,>XRJK,no complement,,0,,,,,,,,,,,
1911715,<BR[,1Qisaa,Isaiah,45,14,J<BWRW,KWH >MR JHWH JGJ< MYRJM W SXR KWC SB>JM >NCJ MDWT <LJK J<BWRW W LK JHJW >XRJK JLKW B ZQJM J<BWRW W >LJKJ JCTXWWH W >LJKJ JTPLLW >K BKJ >L W >JN <WD >PS >LWHJM,000 000 0000 0000 00000 0 000 000 00000 0000 0000 00000 000000 0 000 0000 000000 0000 0 0000 000000 0 000000 0000000 0 000000 000000 00 0000 00 0 000 000 000 000000 00,qal,impf,,,no complement,no complement,,,,,,,,,,,,,
228150,HLK[,MT,Isaiah,45,16,HLKW,BWCW W GM NKLMW KLM JXDW HLKW B KLMH XRCJ YJRJM,,qal,perf,JXDW HLKW B KLMH XRCJ YJRJM,XRCJ YJRJM,no complement,no complement,,,,,,,,,,,,,
1911746,HLK[,1Qisaa,Isaiah,45,16,JLKW,BWCW W GM NKLMW KWLMH JXDJW W JLKW B KLMH XWRCJ YWRJM,0000 0 00 00000 000000 00000 0 0000 0 0000 00000 00000 00,qal,impf,,,no complement,no complement,,,,,,,,,,,,,
228222,BW>[,MT,Isaiah,45,20,B>W,HQBYW W B>W HTNGCW JXDW PLJVJ H GWJM L> JD<W H NF>JM >T <Y PSLM W MTPLLJM >L >L L> JWCJ<,,qal,impv,W B>W,,no complement,no complement,,,,,,,,,,,,,
228223,NGC[,MT,Isaiah,45,20,HTNGCW,HQBYW W B>W HTNGCW JXDW PLJVJ H GWJM L> JD<W H NF>JM >T <Y PSLM W MTPLLJM >L >L L> JWCJ<,,hit,impv,HTNGCW JXDW,,no complement,no complement,,,,,,,,,,,,,
1911823,BW>[,1Qisaa,Isaiah,45,20,BW>W,HQBYW W BW>W HTNGCW W >TJW PLJVJ H GW>JM LW> JD<W H NWF>JM >T <Y PSLMH W MTPLLJM >L >L LW> JWCJ<,00000 0 0000 000000 0 0000 00000 0 00000 000 0000 0 000000 00 00 000000 0 0000000 00 00 000 00000 00,qal,impv,,,no complement,no complement,,,,,,,,,,,,,
1911824,NGC[,1Qisaa,Isaiah,45,20,HTNGCW,HQBYW W BW>W HTNGCW W >TJW PLJVJ H GW>JM LW> JD<W H NWF>JM >T <Y PSLMH W MTPLLJM >L >L LW> JWCJ<,00000 0 0000 000000 0 0000 00000 0 00000 000 0000 0 000000 00 00 000000 0 0000000 00 00 000 00000 00,hitpael,impv,,,no complement,no complement,,,,,,,,,,,,,
1911826,>TH[,1Qisaa,Isaiah,45,20,>TJW,HQBYW W BW>W HTNGCW W >TJW PLJVJ H GW>JM LW> JD<W H NWF>JM >T <Y PSLMH W MTPLLJM >L >L LW> JWCJ<,00000 0 0000 000000 0 0000 00000 0 00000 000 0000 0 000000 00 00 000000 0 0000000 00 00 000 00000 00,qal,impv,,,no complement,no complement,,,,,,,,,,,,,
228243,NGC[,MT,Isaiah,45,21,HGJCW,HGJDW W HGJCW >P JW<YW JXDW MJ HCMJ< Z>T M QDM M >Z HGJDH H LW> >NJ JHWH W >JN <WD >LHJM M BL<DJ >L YDJQ W MWCJ< >JN ZWLTJ,,hif,impv,W HGJCW,,no complement,no complement,,,,,,,,,,,,,
1911846,NGC[,1Qisaa,Isaiah,45,21,HGJCW,HGJDW W HGJCW >P JW<YW JXDJW MJ> HCMJ< ZW>T M QDM M >Z HGJDH H LW> >NJ JHWH W >JN <WD >LWHJM M BL<DJ >L YDJQ W MWCJ< W >JN ZWLTJ,00000 0 00000 00 00000 00000 000 00000 0000 0 000 0 00 000000 0 000 000 0000 0 000 000 000000 0 000000 00 0000 0 00000 0 000 000000 00,hifil,impv,,,no complement,no complement,,,,,,,,,,,,,
228271,PNH[,MT,Isaiah,45,22,PNW,PNW >LJ W HWC<W KL >PSJ >RY KJ >NJ >L W >JN <WD,,qal,impv,PNW >LJ,,>LJ,>L,,0,prep,,,det,,,,>L,,,
1911876,PNH[,1Qisaa,Isaiah,45,22,PNW,PNW >LJ W HWCJ<W KWL >PSJ >RY KJ> >NJ >L W >JN <WD,000 0000 0 000000 000 0000 000 000 000 00 0 000 000 00,qal,impv,PNW >LJ,,>LJ,>L,,0,prep,,,det,,,,>L,,,
228286,JY>[,MT,Isaiah,45,23,JY>,BJ NCB<TJ JY> M PJ YDQH DBR W L> JCWB KJ LJ TKR< KL BRK TCB< KL LCWN,,qal,perf,JY> M PJ YDQH DBR,DBR,M PJ,MN PH/,,0,prep,,,det,subs,,,MN,,,
228293,CWB[,MT,Isaiah,45,23,JCWB,BJ NCB<TJ JY> M PJ YDQH DBR W L> JCWB KJ LJ TKR< KL BRK TCB< KL LCWN,,qal,impf,W L> JCWB,,no complement,no complement,,,,,,,,,,,,,
1911892,JY>[,1Qisaa,Isaiah,45,23,JY>,BJ> NCB<TJ JY> M PJ> YDQH DBR W LW> JCWB KJ> LJ> TKR< KWL BJRK W TCB< KWL LCWN,0000 000000 000 0 0000 0000 000 0 000 0000 000 0000 0000 000 0000 0 0000 000 0000 00,qal,perf,JY> M PJ> YDQH DBR,DBR,M PJ>,no complement,,0,,,,,,,,MN,,,
1911899,CWB[,1Qisaa,Isaiah,45,23,JCWB,BJ> NCB<TJ JY> M PJ> YDQH DBR W LW> JCWB KJ> LJ> TKR< KWL BJRK W TCB< KWL LCWN,0000 000000 000 0 0000 0000 000 0 000 0000 000 0000 0000 000 0000 0 0000 000 0000 00,qal,impf,,,no complement,no complement,,,,,,,,,,,,,
228311,BW>[,MT,Isaiah,45,24,JBW>,>K B JHWH LJ >MR YDQWT W <Z <DJW JBW> W JBCW KL H NXRJM BW,,qal,impf,<DJW JBW>,,<DJW,<D,,0,prep,,,det,,,,<D,,,
1911919,BW>[,1Qisaa,Isaiah,45,24,JBW>W,>K B JHWH LJ> J>MR YDQWT W <WZ <DJW JBW>W JBWCW KWL H NXRJM BW,00 0 0000 0000 0000 00000 0 000 00000 00000 00000 000 0 00000 000 00,qal,impf,<DJW JBW>W,,<DJW,no complement,,0,,,,,,,,<D,,,
228356,HLK[,MT,Isaiah,46,2,HLKH,QRSW KR<W JXDW L> JKLW MLV MF> W NPCM B CBJ HLKH,,qal,perf,W NPCM B CBJ HLKH,NPCM,B CBJ,B H CBJ/,,,prep,,,det,subs,,,B,,,
1911961,HLK[,1Qisaa,Isaiah,46,2,HLKW,QRSW KR<W JXDJW W LW> JWKLW MLV MF> W NPCMH B CBJ HLKW,0000 0000 00000 0 000 00000 000 000 0 000000 0 000 0000 00,qal,perf,W NPCMH B CBJ HLKW,NPCMH,B CBJ,no complement,,0,,,,,,,,B,,,
228434,MWC[,MT,Isaiah,46,7,JMJC,JF>HW <L KTP JSBLHW W JNJXHW TXTJW W J<MD M MQWMW L> JMJC >P JY<Q >LJW W L> J<NH M YRTW L> JWCJ<NW,,qal,impf,M MQWMW L> JMJC,,M MQWMW,MN MQWM/,,0,prep,,,det,subs,,,MN,,,
228427,NWX[,MT,Isaiah,46,7,JNJXHW,JF>HW <L KTP JSBLHW W JNJXHW TXTJW W J<MD M MQWMW L> JMJC >P JY<Q >LJW W L> J<NH M YRTW L> JWCJ<NW,,hif,impf,W JNJXHW TXTJW,,no complement,no complement,,,,,,,,,,,,,
1912036,NWX[,1Qisaa,Isaiah,46,7,JNJXWHJ,W JF>WHJ <L KTP JSBLWHJ W JNJXWHJ TXTJW W J<MWD M MQWMW LW> JMWC >P JZ<Q <LJW W LW> J<NH M YRTW LW> JWCJ<NW,0 0000000 00 000 00000000 0 00000000 000000 0 00000 0 000000 000 0000 00 0000 00000 0 000 0000 0 00000 000 00000000 00,hifil,impf,,,no complement,no complement,,,,,,,,,,,,,
1912043,MWC[,1Qisaa,Isaiah,46,7,JMWC,W JF>WHJ <L KTP JSBLWHJ W JNJXWHJ TXTJW W J<MWD M MQWMW LW> JMWC >P JZ<Q <LJW W LW> J<NH M YRTW LW> JWCJ<NW,0 0000000 00 000 00000000 0 00000000 000000 0 00000 0 000000 000 0000 00 0000 00000 0 000 0000 0 00000 000 00000000 00,qal,impf,M MQWMW LW> JMWC,,M MQWMW,no complement,,0,,,,,,,,MN,,,
1923155,NWX[,1Q8,Isaiah,46,7,JNXHW,JF>HW <L KTP JSBLHW W JNXHW TXTJW W J<MD M MQWMW L> JMJC >P JY<Q >LJW W L> J<NH M YRTW L> JWCJ<NW,000000 00 000 0000000 0 000000 000000 0 0000 0 000000 00 0000 00 0000 00000 0 00 0000 0 00000 00 00000000 00,hifil,impf,,,no complement,no complement,,,,,,,,,,,,,
1923162,MWC[,1Q8,Isaiah,46,7,JMJC,JF>HW <L KTP JSBLHW W JNXHW TXTJW W J<MD M MQWMW L> JMJC >P JY<Q >LJW W L> J<NH M YRTW L> JWCJ<NW,000000 00 000 0000000 0 000000 000000 0 0000 0 000000 00 0000 00 0000 00000 0 00 0000 0 00000 00 00000000 00,hifil,impf,M MQWMW L> JMJC,,M MQWMW,MN MQWM/,,0,prep,,,det,subs,,,MN,,,
228449,CWB[,MT,Isaiah,46,8,HCJBW,ZKRW Z>T W HT>CCW HCJBW PWC<JM <L LB,,hif,impv,HCJBW <L LB,,<L LB,<L LB/,,0,prep,,,und,subs,,,<L,,,
1912059,CWB[,1Qisaa,Isaiah,46,8,HCJBW,ZKWRW ZW>T W HT>WCCW HCJBW PWC<JM <L LB,00000 0000 0 0000000 00000 000000 00 00 00,hifil,impv,HCJBW PWC<JM <L LB,,<L LB,<L LB/,,0,prep,,,und,subs,,,<L,,,
1923178,CWB[,1Q8,Isaiah,46,8,HCJBW,ZKRW Z>T W HT>CCW HCJBW PC<JM <L LB,0000 000 0 000000 00000 00000 00 00 00,hifil,impv,HCJBW PWC<JM <L LB,,<L LB,<L LB/,,0,prep,,,und,subs,,,<L,,,
228496,BW>[,MT,Isaiah,46,11,>BJ>NH,QR> M MZRX <JV M >RY MRXQ >JC <YTW >P DBRTJ >P >BJ>NH JYRTJ >P ><FNH,,hif,impf,>P >BJ>NH,,no complement,no complement,,,,,,,,,,,,,
1912109,BW>[,1Qisaa,Isaiah,46,11,>BJ>NH,QWRH M MZRX <JV M >RY MRXQ >JC <YTW >P DBRTJ >P >BJ>NH JYRTJH >P ><FNH,0000 0 0000 000 0 000 0000 000 00000 00 00000 00 0000000 0000000 00 000000 00,hifil,impf,>P >BJ>NH,,no complement,no complement,,,,,,,,,,,,,
1923228,BW>[,1Q8,Isaiah,46,11,>BJ>NH,QR> M MZRX <JV M >RY MRXQ >JC <YTJ >P DBRTJ >P >BJ>NH JYRTJ >P ><FNH,000 0 0000 000 0 000 0000 000 00000 00 00000 00 0000000 00000 00 000000 00,hifil,impf,>P >BJ>NH,,no complement,no complement,,,,,,,,,,,,,
228508,QRB[,MT,Isaiah,46,13,QRBTJ,QRBTJ YDQTJ L> TRXQ W TCW<TJ L> T>XR W NTTJ B YJWN TCW<H L JFR>L TP>RTJ,,piel,perf,QRBTJ YDQTJ,,no complement,no complement,,,,,,,,,,,,,
1912123,QRB[,1Qisaa,Isaiah,46,13,QRWBH,QRWBH YDQTJ W LW> TRXQ W TCW<TJ W LW> T>XR NTTJ B YJWN TCW<H W L JFR>L TP>RTJ,00000 000000 0 000 0000 0 0000000 0 000 0000 0000 0 0000 00000 0 0 00000 0000000 00,,,,,no complement,no complement,,,,,,,,,,,,,
1923242,QRB[,1Q8,Isaiah,46,13,QRBTJ,QRBTJ YDQTJ L> TRXQ W TCW<TJ L> T>XR W NTTJ B YJWN TCW<H L JFR>L TP>RTJ,00000 000000 00 0000 0 0000000 00 0000 0 0000 0 0000 00000 0 00000 0000000 00,piel,perf,,,no complement,no complement,,,,,,,,,,,,,
228524,JRD[,MT,Isaiah,47,1,RDJ,RDJ W CBJ <L <PR BTWLT BT BBL CBJ L >RY >JN KS> BT KFDJM KJ L> TWSJPJ JQR>W LK RKH W <NGH,,qal,impv,RDJ,,no complement,no complement,,,,,,,,,,,,,
1912142,JRD[,1Qisaa,Isaiah,47,1,RDJ,RDJ W CBJ <L <PR BTWLT BT BBL CBJ <L H >RY >JN KS> BT KFDJJM KJ> LW> TWSJPJ W QR>W LK RKH W <NWGH,000 0 000 00 000 00000 00 000 000 00 0 000 000 000 00 000000 000 000 000000 0 0000 000 000 0 00000 00,qal,impv,,,no complement,no complement,,,,,,,,,,,,,
1923259,JRD[,1Q8,Isaiah,47,1,RDJ,RDJ W CBJ <L <PR BTWLT BT BBL CBJ L >RY >JN KS> BT KFDJM KJ L> TWSJPJ JQR>W LK RKH W <NGH,000 0 000 000 000 00000 00 000 000 0 000 000 000 00 00000 00 00 000000 00000 000 000 0 0000 00,qal,impv,,,no complement,no complement,,,,,,,,,,,,,
228553,GLH[,MT,Isaiah,47,2,GLJ,QXJ RXJM W VXNJ QMX GLJ YMTK XFPJ CBL GLJ CWQ <BRJ NHRWT,,piel,impv,GLJ YMTK,,no complement,no complement,,,,,,,,,,,,,
228557,GLH[,MT,Isaiah,47,2,GLJ,QXJ RXJM W VXNJ QMX GLJ YMTK XFPJ CBL GLJ CWQ <BRJ NHRWT,,piel,impv,GLJ CWQ,,no complement,no complement,,,,,,,,,,,,,
228559,<BR[,MT,Isaiah,47,2,<BRJ,QXJ RXJM W VXNJ QMX GLJ YMTK XFPJ CBL GLJ CWQ <BRJ NHRWT,,qal,impv,<BRJ NHRWT,,no complement,no complement,,,,,,,,,,,,,
1912173,GLH[,1Qisaa,Isaiah,47,2,GLJ,QXJ RXJM W VXNJ QMX GLJ YMTK XFWPJ CWLJK GLJ CWQ <BWRJ NHRWT,000 0000 0 0000 000 000 00000 00000 000000 000 000 00000 00000 00,piel,impv,,,no complement,no complement,,,,,,,,,,,,,
1912177,GLH[,1Qisaa,Isaiah,47,2,GLJ,QXJ RXJM W VXNJ QMX GLJ YMTK XFWPJ CWLJK GLJ CWQ <BWRJ NHRWT,000 0000 0 0000 000 000 00000 00000 000000 000 000 00000 00000 00,piel,impv,,,no complement,no complement,,,,,,,,,,,,,
1912179,<BR[,1Qisaa,Isaiah,47,2,<BWRJ,QXJ RXJM W VXNJ QMX GLJ YMTK XFWPJ CWLJK GLJ CWQ <BWRJ NHRWT,000 0000 0 0000 000 000 00000 00000 000000 000 000 00000 00000 00,qal,impv,,,no complement,no complement,,,,,,,,,,,,,
1923288,GLH[,1Q8,Isaiah,47,2,GLJ,QXJ RXJM W VXNJ QMX GLJ YMTK XFPJ CBL GLJ CWQ <BRJ NHRWT,000 0000 0 0000 000 000 00000 0000 000 000 000 0000 00000 00,piel,impv,,,no complement,no complement,,,,,,,,,,,,,
1923292,GLH[,1Q8,Isaiah,47,2,GLJ,QXJ RXJM W VXNJ QMX GLJ YMTK XFPJ CBL GLJ CWQ <BRJ NHRWT,000 0000 0 0000 000 000 00000 0000 000 000 000 0000 00000 00,piel,impv,,,no complement,no complement,,,,,,,,,,,,,
1923294,<BR[,1Q8,Isaiah,47,2,<BRJ,QXJ RXJM W VXNJ QMX GLJ YMTK XFPJ CBL GLJ CWQ <BRJ NHRWT,000 0000 0 0000 000 000 00000 0000 000 000 000 0000 00000 00,qal,impv,,,no complement,no complement,,,,,,,,,,,,,
228561,GLH[,MT,Isaiah,47,3,TGL,TGL <RWTK GM TR>H XRPTK NQM >QX W L> >PG< >DM,,nif,impf,TGL <RWTK,<RWTK,no complement,no complement,,,,,,,,,,,,,
1912182,GLH[,1Qisaa,Isaiah,47,3,TGLH,TGLH <RWTK GM TR>H XRPTK NQM >QX W LW> >PG< >DM,0000 000000 00 0000 000000 000 000 0 000 0000 000 00,nifal,impf,TGLH <RWTK,<RWTK,no complement,no complement,,,,,,,,,,,,,
1923297,GLH[,1Q8,Isaiah,47,3,TGL,TGL <RWTK GM TR>H XRPTK NQM >QX W L> >PG< >DM,000 000000 00 0000 000000 000 000 0 00 0000 000 00,nifal,impf,TGL <RWTK,<RWTK,no complement,no complement,,,,,,,,,,,,,
228581,BW>[,MT,Isaiah,47,5,B>J,CBJ DWMM W B>J B XCK BT KFDJM KJ L> TWSJPJ JQR>W LK GBRT MMLKWT,,qal,impv,W B>J B XCK,,no complement,no complement,,,,,,,,,,,,,
1912204,BW>[,1Qisaa,Isaiah,47,5,BW>J,CBJ DMMH W BW>J B XWCK BT KFDJJM KJ> LW> TWSJPJ W QR>W LK GBWRT MMLKWT,000 0000 0 0000 0 0000 00 000000 000 000 000000 0 0000 000 00000 000000 00,qal,impv,,,no complement,no complement,,,,,,,,,,,,,
1923319,BW>[,1Q8,Isaiah,47,5,B>J,CBJ DWMM W B>J B XCK BT KFDJM KJ L> TWSJPJ JQR>W LK GBRT MMLKWT,000 0000 0 000 0 000 00 00000 00 00 000000 00000 000 0000 000000 00,qal,impv,,,no complement,no complement,,,,,,,,,,,,,
228652,BW>[,MT,Isaiah,47,9,TB>NH,W TB>NH LK CTJ >LH RG< B JWM >XD CKWL W >LMN K TMM B>W <LJK B RB KCPJK B <YMT XBRJK M>D,,qal,impf,W TB>NH LK CTJ >LH RG< B JWM >XD CKWL W >LMN,CTJ >LH CKWL W >LMN,LK,L,,0,prep,,,det,,,,L,,,
228665,BW>[,MT,Isaiah,47,9,B>W,W TB>NH LK CTJ >LH RG< B JWM >XD CKWL W >LMN K TMM B>W <LJK B RB KCPJK B <YMT XBRJK M>D,,qal,perf,K TMM B>W <LJK B RB KCPJK B <YMT XBRJK M>D,,<LJK,<L,,0,prep,,,det,,,,<L,,,
1912280,BW>[,1Qisaa,Isaiah,47,9,TBW>JNH,W TBW>JNH LK CTJ >LH RG< B JWM >XD CKWL W >LMNH K TWMM B>W <LJK B RWB KCPJK B <YMT XWBRJK MW>DH,0 0000000 000 000 000 000 0 000 000 0000 0 00000 0 00000 000 00000 0 000 000000 0 0000 0000000 000000 00,qal,impf,W TBW>JNH LK CTJ >LH RG< B JWM >XD CKWL W >LMNH,CTJ >LH CKWL W >LMNH,LK,no complement,,0,,,,,,,,L,,,
1912293,BW>[,1Qisaa,Isaiah,47,9,B>W,W TBW>JNH LK CTJ >LH RG< B JWM >XD CKWL W >LMNH K TWMM B>W <LJK B RWB KCPJK B <YMT XWBRJK MW>DH,0 0000000 000 000 000 000 0 000 000 0000 0 00000 0 00000 000 00000 0 000 000000 0 0000 0000000 000000 00,qal,perf,K TWMM B>W <LJK B RWB KCPJK B <YMT XWBRJK MW>DH,,<LJK,no complement,,0,,,,,,,,<L,,,
1923393,BW>[,1Q8,Isaiah,47,9,TB>NH,W TB>NH LK CTJ >LH RG< B JWM >XD CKWL W >LMN K TMM B>W <LJK B RB KCPJK B <YMT XBRJK M>D,0 00000 000 000 000 000 0 000 000 0000 0 0000 0 0000 000 00000 0 00 000000 0 0000 000000 000 00,qal,impf,W TB>NH LK CTJ >LH RG< B JWM >XD CKWL W >LMN,CTJ >LH CKWL W >LMN,LK,no complement,,0,,,,,,,,L,,,
1923406,BW>[,1Q8,Isaiah,47,9,B>W,W TB>NH LK CTJ >LH RG< B JWM >XD CKWL W >LMN K TMM B>W <LJK B RB KCPJK B <YMT XBRJK M>D,0 00000 000 000 000 000 0 000 000 0000 0 0000 0 0000 000 00000 0 00 000000 0 0000 000000 000 00,qal,perf,K TMM B>W <LJK B RB KCPJK B <YMT XBRJK M>D,,<LJK,no complement,,0,,,,,,,,<L,,,
228685,CWB[,MT,Isaiah,47,10,CWBBTK,W TBVXJ B R<TK >MRT >JN R>NJ XKMTK W D<TK HJ> CWBBTK W T>MRJ B LBK >NJ W >PSJ <WD,,piel,perf,HJ> CWBBTK,HJ>,no complement,no complement,,,,,,,,,,,,,
1912314,CWB[,1Qisaa,Isaiah,47,10,CWBBTK,W TBVXJ B D<TK >MRTJ >JN RW>NJ XKMTK W D<TK HJ>H CWBBTK W TW>MRJ B LBBK >NJ W >PSJ <WD,0 00000 0 00000 00000 000 000000 000000 0 00000 0000 0000000 0 000000 0 00000 000 0 00000 000 00,polel,perf,,,no complement,no complement,,,,,,,,,,,,,
1923427,CWB[,1Q8,Isaiah,47,10,CWBBTK,W TBVXJ B R<TK >MRT >JN R>NJ XKMTK W D<TK HJ> CWBBTK W T>MRJ B LBK >NJ W >PSJ <WD,0 00000 0 00000 0000 000 00000 000000 0 00000 000 0000000 0 00000 0 0000 000 00 0 00000 000,polel,perf,,,no complement,no complement,,,,,,,,,,,,,
228695,BW>[,MT,Isaiah,47,11,B>,W B> <LJK R<H L> TD<J CXRH W TPL <LJK HWH L> TWKLJ KPRH W TB> <LJK PT>M CW>H L> TD<J,,qal,perf,W B> <LJK R<H,R<H,<LJK,<L,,0,prep,,,det,,,,<L,,,
228702,NPL[,MT,Isaiah,47,11,TPL,W B> <LJK R<H L> TD<J CXRH W TPL <LJK HWH L> TWKLJ KPRH W TB> <LJK PT>M CW>H L> TD<J,,qal,impf,W TPL <LJK HWH,HWH,<LJK,<L,,0,prep,,,det,,,,<L,,,
228709,BW>[,MT,Isaiah,47,11,TB>,W B> <LJK R<H L> TD<J CXRH W TPL <LJK HWH L> TWKLJ KPRH W TB> <LJK PT>M CW>H L> TD<J,,qal,impf,W TB> <LJK PT>M CW>H,CW>H,<LJK,<L,,0,prep,,,det,,,,<L,,,
1912325,BW>[,1Qisaa,Isaiah,47,11,B>H,W B>H <LJK R<H W LW> TD<J CXRH W TPWL <LJK HWJH LW> TWKLJ L KPRH W TBW> <LJK PT>WM C>H W LW> TD<J,0 000 00000 000 0 000 0000 00000 0 0000 00000 0000 000 00000 0 00000 0 0000 00000 00000 000 0 000 0000 00,qal,perf,W B>H <LJK R<H,R<H,<LJK,no complement,,0,,,,,,,,<L,,,
1912333,NPL[,1Qisaa,Isaiah,47,11,TPWL,W B>H <LJK R<H W LW> TD<J CXRH W TPWL <LJK HWJH LW> TWKLJ L KPRH W TBW> <LJK PT>WM C>H W LW> TD<J,0 000 00000 000 0 000 0000 00000 0 0000 00000 0000 000 00000 0 00000 0 0000 00000 00000 000 0 000 0000 00,qal,impf,W TPWL <LJK HWJH,HWJH,<LJK,no complement,,0,,,,,,,,<L,,,
1912341,BW>[,1Qisaa,Isaiah,47,11,TBW>,W B>H <LJK R<H W LW> TD<J CXRH W TPWL <LJK HWJH LW> TWKLJ L KPRH W TBW> <LJK PT>WM C>H W LW> TD<J,0 000 00000 000 0 000 0000 00000 0 0000 00000 0000 000 00000 0 00000 0 0000 00000 00000 000 0 000 0000 00,qal,impf,W TBW> <LJK PT>WM C>H,C>H,<LJK,no complement,,0,,,,,,,,<L,,,
1923438,BW>[,1Q8,Isaiah,47,11,B>H,W B>H <LJK R<H L> TD<J CXRH W TPL <LJK HWH L> TWKLJ KPRH W TB> <LJK PT>M C>H L> TD<J,0 000 00000 000 00 0000 00000 0 000 00000 000 00 00000 00000 00 0 000 00000 0000 000 00 0000 00,qal,perf,W B>H <LJK R<H,R<H,<LJK,no complement,,0,,,,,,,,<L,,,
1923445,NPL[,1Q8,Isaiah,47,11,TPL,W B>H <LJK R<H L> TD<J CXRH W TPL <LJK HWH L> TWKLJ KPRH W TB> <LJK PT>M C>H L> TD<J,0 000 00000 000 00 0000 00000 0 000 00000 000 00 00000 00000 00 0 000 00000 0000 000 00 0000 00,qal,impf,W TPL <LJK HWH,HWH,<LJK,no complement,,0,,,,,,,,<L,,,
1923453,BW>[,1Q8,Isaiah,47,11,TB>,W B>H <LJK R<H L> TD<J CXRH W TPL <LJK HWH L> TWKLJ KPRH W TB> <LJK PT>M C>H L> TD<J,0 000 00000 000 00 0000 00000 0 000 00000 000 00 00000 00000 00 0 000 00000 0000 000 00 0000 00,qal,impf,W TB> <LJK PT>M C>H,C>,<LJK,no complement,,0,,,,,,,,<L,,,
228754,BW>[,MT,Isaiah,47,13,JB>W,NL>JT B RB <YTJK J<MDW N> W JWCJ<K HBRW CMJM H XZJM B KWKBJM MWDJ<M L XDCJM M >CR JB>W <LJK,,qal,impf,M >CR JB>W <LJK,,<LJK,<L,,0,prep,,,det,,,,<L,,,
1912387,BW>[,1Qisaa,Isaiah,47,13,JBW>,K RWB <YTK J<MWDW N> W JWCJ<WK XWBRJ CMJM W H XWZJM B KWKBJM MWD<JM L XRDJM M >CR JBW> <LJHMH,0 000 00000 000000 00 0 00000000 00000 0000 0 0 00000 0 000000 000000 0 00000 0 000 0000 0000000 00,qal,impf,M >CR JBW> <LJHMH,,<LJHMH,no complement,,0,,,,,,,,<L,,,
1923499,BW>[,1Q8,Isaiah,47,13,JB>W,NL>JT B RB <YTJK J<MDW N> W JWCJ<K HBRJ H CMJM H XZJM B KWKBJM MWDJ<M L XDCJM M >CR JB>W <LJK,00000 0 00 000000 00000 00 0 0000000 0000 0 0000 0 0000 0 000000 000000 0 00000 0 000 0000 00000 00,qal,impf,M >CR JB>W <LJK,,<LJK,no complement,,0,,,,,,,,<L,,,
228788,T<H[,MT,Isaiah,47,15,T<W,KN HJW LK >CR JG<T SXRJK M N<WRJK >JC L <BRW T<W >JN MWCJ<K,,qal,perf,T<W,,no complement,no complement,,,,,,,,,,,,,
1912423,T<H[,1Qisaa,Isaiah,47,15,T<W,KN HJW LK >CR JG<TJ SWXRJK M N<WRJK >JC L <BRW T<W >JN MWCJ<K,00 000 000 000 00000 0000000 0 0000000 000 0 00000 000 000 0000000 00,qal,perf,T<W,,no complement,no complement,,,,,,,,,,,,,
228804,JY>[,MT,Isaiah,48,1,JY>W,CM<W Z>T BJT J<QB H NQR>JM B CM JFR>L W M MJ JHWDH JY>W H NCB<JM B CM JHWH W B >LHJ JFR>L JZKJRW L> B >MT W L> B YDQH,,qal,perf,W M MJ JHWDH JY>W,,M MJ JHWDH,MN MJM/ JHWDH/,,0,prep,"pers,gens,topo",,det,subs nmpr,,,MN,,,
1912440,JY>[,1Qisaa,Isaiah,48,1,JY>W,CM<W ZW>T BJT J<QWB H NQR>JM B CM JFR>L W M MJ JHWDH JY>W H NCB<JM B CM JHWH W B >LWHJ JFR>L JZKJRW LW> B >MT W LW> B YDQH,0000 0000 000 00000 0 000000 0 00 00000 0 0 00 00000 0000 0 000000 0 00 0000 0 0 00000 00000 000000 000 0 000 0 000 0 0000 00,qal,perf,W M MJ JHWDH JY>W,,M MJ JHWDH,MN MJM/ JHWDH/,,0,prep,"pers,gens,topo",,det,subs nmpr,,,MN,,,
228844,JY>[,MT,Isaiah,48,3,JY>W,H R>CNWT M >Z HGDTJ W M PJ JY>W W >CMJ<M PT>M <FJTJ W TB>NH,,qal,perf,W M PJ JY>W,,M PJ,MN PH/,,0,prep,,,det,subs,,,MN,,,
228850,BW>[,MT,Isaiah,48,3,TB>NH,H R>CNWT M >Z HGDTJ W M PJ JY>W W >CMJ<M PT>M <FJTJ W TB>NH,,qal,wayq,W TB>NH,,no complement,no complement,,,,,,,,,,,,,
1912482,JY>[,1Qisaa,Isaiah,48,3,JY>H,H RJCWNWT M >Z HGDTJ W M PJ JY>H W >CMJ<M PT>WM <FJTJ W TBW>JNH,0 0000000 0 00 00000 0 0 000 0000 0 0000000 00000 00000 0 0000000 00,qal,perf,W M PJ JY>H,,M PJ,MN PH/,,0,prep,,,det,subs,,,MN,,,
1912488,BW>[,1Qisaa,Isaiah,48,3,TBW>JNH,H RJCWNWT M >Z HGDTJ W M PJ JY>H W >CMJ<M PT>WM <FJTJ W TBW>JNH,0 0000000 0 00 00000 0 0 000 0000 0 0000000 00000 00000 0 0000000 00,qal,wayy,W TBW>JNH,,no complement,no complement,,,,,,,,,,,,,
228870,BW>[,MT,Isaiah,48,5,TBW>,W >GJD LK M >Z B VRM TBW> HCM<TJK PN T>MR <YBJ <FM W PSLJ W NSKJ YWM,,qal,impf,B VRM TBW>,,no complement,no complement,,,,,,,,,,,,,
1912511,BW>[,1Qisaa,Isaiah,48,5,TBW>,W >GJDH LKH M >Z B VRM TBW> HCM<TJKH PN TW>MR <YBJ <FM PSLJ W NSKJ YWM,0 00000 0000 0 00 0 000 0000 000000000 00 00000 00000 0000 00000 0 00000 0000 00,qal,impf,,,no complement,no complement,,,,,,,,,,,,,
229019,BW>[,MT,Isaiah,48,15,HBJ>TJW,>NJ >NJ DBRTJ >P QR>TJW HBJ>TJW W HYLJX DRKW,,hif,perf,HBJ>TJW,,no complement,no complement,,,,,,,,,,,,,
1912672,BW>[,1Qisaa,Isaiah,48,15,HBJ>WTJHW,>NJ >NJ DBRTJ >P QR>TJ W HBJ>WTJHW W HYLJXH DRKWHJ,000 000 00000 00 00000 0 0000000000 0 000000 0000000 00,hifil,perf,,,no complement,no complement,,,,,,,,,,,,,
229023,QRB[,MT,Isaiah,48,16,QRBW,QRBW >LJ CM<W Z>T L> M R>C B STR DBRTJ M <T HJWTH CM >NJ W <TH >DNJ JHWH CLXNJ W RWXW,,qal,impv,QRBW >LJ,,>LJ,>L,,0,prep,,,det,,,,>L,,,
1912677,QRB[,1Qisaa,Isaiah,48,16,QRWBW,QRWBW >LJ W CM<W ZW>T LW> M RWC B STR DBRTJ B <T HJWTH CMH >NJ W <TH >DWNJ JHWH CLXNJ W RWXW,00000 0000 01111 0 0000 0000 000 0 000 0 000 00000 0 00 000000 0000 000 0 000 00000 0000 000000 0 00000 00,qal,impv,QRWBW >LJ,,>LJ,no complement,,0,,,,,,,,>L,,,
229061,HLK[,MT,Isaiah,48,17,TLK,KH >MR JHWH G>LK QDWC JFR>L >NJ JHWH >LHJK MLMDK L HW<JL MDRJKK B DRK TLK,,qal,impf,TLK,,no complement,no complement,,,,,,,,,,,,,
1912718,HLK[,1Qisaa,Isaiah,48,17,TLK,KWH >MR JHWH GW>LKH QDWC JFR>L >NJ JHWH >LWHJKH MLMDKH L HW<JL HDRJKH B DRK >CR TLK BH,000 000 0000 0000000 0000 00000 000 0000 00000000 0000000 0 00000 0000000 0 000 000 000 000 00,qal,impf,TLK BH,,BH,no complement,,0,,,,,,,,B,,,
1923548,HLK[,1Q8,Isaiah,48,17,TLK,KH >MR JHWH G>LK QDWC JFR>L >NJ JHWH >LHJK MLMDK L HW<JL MDRKJK B DRK TLK,01 00 000 0000 00000 0000 00000 000 0000 000000 000000 0 00000 0000000 0 000 000 00,qal,impf,,,no complement,no complement,,,,,,,,,,,,,
229098,JY>[,MT,Isaiah,48,20,Y>W,Y>W M BBL BRXW M KFDJM B QWL RNH HGJDW HCMJ<W Z>T HWYJ>WH <D QYH H >RY >MRW G>L JHWH <BDW J<QB,,qal,impv,Y>W M BBL,,M BBL,MN BBL/,,0,prep,topo,inanim,det,nmpr,,,MN,,,
229101,BRX[,MT,Isaiah,48,20,BRXW,Y>W M BBL BRXW M KFDJM B QWL RNH HGJDW HCMJ<W Z>T HWYJ>WH <D QYH H >RY >MRW G>L JHWH <BDW J<QB,,qal,impv,BRXW M KFDJM,,M KFDJM,MN KFDJM/,,0,prep,topo,inanim,det,nmpr,,,MN,,,
229110,JY>[,MT,Isaiah,48,20,HWYJ>WH,Y>W M BBL BRXW M KFDJM B QWL RNH HGJDW HCMJ<W Z>T HWYJ>WH <D QYH H >RY >MRW G>L JHWH <BDW J<QB,,hif,impv,HWYJ>WH <D QYH H >RY,,<D QYH H >RY,<D QYH=/ H >RY/,,0,prep,,,det,subs subs,,,<D,,,
1912757,JY>[,1Qisaa,Isaiah,48,20,Y>W,Y>W M BBL BRXW M KFDJJM B QWL RWNH HGJDW W HCMJ<W ZW>T <D QYWJ H >RY >MRW G>L JHWH >T <BDW J<QWB,000 0 000 0000 0 000000 0 000 0000 00000 0 000000 0000 00 0000 0 000 0000 000 0000 00 00000 00000 00,qal,impv,Y>W M BBL,,M BBL,no complement,,0,,,,,,,,MN,,,
1912760,BRX[,1Qisaa,Isaiah,48,20,BRXW,Y>W M BBL BRXW M KFDJJM B QWL RWNH HGJDW W HCMJ<W ZW>T <D QYWJ H >RY >MRW G>L JHWH >T <BDW J<QWB,000 0 000 0000 0 000000 0 000 0000 00000 0 000000 0000 00 0000 0 000 0000 000 0000 00 00000 00000 00,qal,impv,BRXW M KFDJJM,,M KFDJJM,no complement,,0,,,,,,,,MN,,,
1923587,JY>[,1Q8,Isaiah,48,20,Y>W,Y>W M BBL BRXW M KFDJM B QWL RNH HGJDW HCMJ<W Z>T HWY>WH <D QYH H >RY >MRW G>L JHWH <BDW J<QB,000 0 000 0000 0 00000 0 000 000 00000 000000 000 0000000 00 000 0 000 0000 000 0000 00000 0000 00,qal,impv,Y>W M BBL,,M BBL,no complement,,0,,,,,,,,MN,,,
1923590,BRX[,1Q8,Isaiah,48,20,BRXW,Y>W M BBL BRXW M KFDJM B QWL RNH HGJDW HCMJ<W Z>T HWY>WH <D QYH H >RY >MRW G>L JHWH <BDW J<QB,000 0 000 0000 0 00000 0 000 000 00000 000000 000 0000000 00 000 0 000 0000 000 0000 00000 0000 00,qal,impv,BRXW M KFDJM,,M KFDJM,MN KFDJM/,,0,prep,topo,inanim,det,nmpr,,,MN,,,
1923599,JY>[,1Q8,Isaiah,48,20,HWY>WH,Y>W M BBL BRXW M KFDJM B QWL RNH HGJDW HCMJ<W Z>T HWY>WH <D QYH H >RY >MRW G>L JHWH <BDW J<QB,000 0 000 0000 0 00000 0 000 000 00000 000000 000 0000000 00 000 0 000 0000 000 0000 00000 0000 00,hifil,impv,HWY>WH <D QYH H >RY,,<D QYH H >RY,no complement,,0,,,,,,,,<D,,,
229125,HLK[,MT,Isaiah,48,21,HWLJKM,W L> YM>W B XRBWT HWLJKM MJM M YWR HZJL LMW W JBQ< YWR W JZBW MJM,,hif,perf,HWLJKM,,no complement,no complement,,,,,,,,,,,,,
1912786,HLK[,1Qisaa,Isaiah,48,21,HWLJKW,W LW> YM>W B XRBWT HWLJKW MJM M YWR HZJB LMW W JBQ< YWR W JZWBW MJM,0 000 0000 0 00000 0000000 000 0 000 0000 0000 0 0000 000 0 00000 000 00,hifil,perf,,,no complement,no complement,,,,,,,,,,,,,
1923615,HLK[,1Q8,Isaiah,48,21,HWLJKM,W L> YM>W B XRBWT HWLJKM MJM M YWR HZJL LMW W JBQ< YR W JZBW MJM,0 00 0000 0 00000 0000000 000 0 000 0000 0000 0 0000 00 0 0000 000 00,hifil,perf,,,no complement,no complement,,,,,,,,,,,,,
229219,CWB[,MT,Isaiah,49,5,CWBB,W <TH >MR JHWH JYRJ M BVN L <BD LW L CWBB J<QB >LJW W JFR>L L> J>SP W >KBD B <JNJ JHWH W >LHJ HJH <ZJ,,piel,infc,L CWBB J<QB >LJW,,>LJW,>L,,0,prep,,,det,,,,>L,,,
1912889,CWB[,1Qisaa,Isaiah,49,5,CWBB,W <TH >MR JHWH JWYRK M BVN L <BD LW L CWBB J<QWB >LJW W JFR>L LW J>SP W >KBDH B <JNJ JHWH W >LWHJ HJH <ZRJ,0 000 000 0000 000000 0 000 0 000 000 0 0000 00000 00000 0 00000 000 0000 0 00000 0 0000 0000 0 000000 000 00000 00,polel,infc,L CWBB J<QWB >LJW,,>LJW,no complement,,0,,,,,,,,>L,,,
1923715,CWB[,1Q8,Isaiah,49,5,CWBB,W <TH KH >MR JHWH JWYRJ M BVN L <BD LW L CWBB J<QB >LJW W JFR>L LW J>SP W >KBD B <JNJ JHWH W >LHJ HJH <ZJ,0 000 00 000 0000 000000 0 000 0 000 000 0 0000 0000 00000 0 00000 000 0000 0 0000 0 0000 0000 0 00000 000 0000 00,polel,infc,L CWBB J<QB >LJW,,>LJW,no complement,,0,,,,,,,,>L,,,
229251,CWB[,MT,Isaiah,49,6,HCJB,W J>MR NQL M HJWTK LJ <BD L HQJM >T CBVJ J<QB W NYJRJ JFR>L L HCJB W NTTJK L >WR GWJM L HJWT JCW<TJ <D QYH H >RY,,hif,infc,W L HCJB,,no complement,no complement,,,,,,,,,,,,,
1912922,CWB[,1Qisaa,Isaiah,49,6,HCJB,W JW>MR NQL M HJWTKH LJ <BD L HQJM >T CBVJ JFR>L W NYJRJ J<QWB L HCJB W NTTJK L >WR GW>JM L HJWT JCW<TJ <D QYWJ H >RY,0 00000 000 0 0000000 000 000 0 0000 00 0000 00000 0 00000 00000 0 0000 0 000000 0 000 00000 0 0000 0000000 00 0000 0 000 00,hifil,infc,,,no complement,no complement,,,,,,,,,,,,,
1923741,CWB[,1Q8,Isaiah,49,6,HCJB,W J>MR H NQL M HJWTK LJ <BD L HCJB >T CBVJ J<QB W NYWRJ JFR>L L HCJB W NTTJK L >WR GWJM L HJWT CW<TJ <D QYH >RY,0 0000 0 000 0 000000 000 000 0 0000 00 0000 0000 0 00000 00000 0 0000 0 000000 0 000 0000 0 0000 11000000 00 000 000 00,hifil,infc,,,no complement,no complement,,,,,,,,,,,,,
1923749,CWB[,1Q8,Isaiah,49,6,HCJB,W J>MR H NQL M HJWTK LJ <BD L HCJB >T CBVJ J<QB W NYWRJ JFR>L L HCJB W NTTJK L >WR GWJM L HJWT CW<TJ <D QYH >RY,0 0000 0 000 0 000000 000 000 0 0000 00 0000 0000 0 00000 00000 0 0000 0 000000 0 000 0000 0 0000 11000000 00 000 000 00,hifil,infc,,,no complement,no complement,,,,,,,,,,,,,
229324,JY>[,MT,Isaiah,49,9,Y>W,L >MR L >SWRJM Y>W L >CR B XCK HGLW <L DRKJM JR<W W B KL CPJJM MR<JTM,,qal,impv,Y>W,,no complement,no complement,,,,,,,,,,,,,
229330,GLH[,MT,Isaiah,49,9,HGLW,L >MR L >SWRJM Y>W L >CR B XCK HGLW <L DRKJM JR<W W B KL CPJJM MR<JTM,,nif,impv,HGLW,,no complement,no complement,,,,,,,,,,,,,
1912998,JY>[,1Qisaa,Isaiah,49,9,Y>W,L >MWR L >SWRJM Y>W W L >CR B XWCK HGLW <L KWL HRJM JR<W W B KWL CP>JM MR<JTM,0 0000 0 000000 000 0 0 000 0 0000 0000 00 000 0000 0000 0 0 000 00000 0000000 00,qal,impv,,,no complement,no complement,,,,,,,,,,,,,
1913004,GLH[,1Qisaa,Isaiah,49,9,HGLW,L >MWR L >SWRJM Y>W W L >CR B XWCK HGLW <L KWL HRJM JR<W W B KWL CP>JM MR<JTM,0 0000 0 000000 000 0 0 000 0 0000 0000 00 000 0000 0000 0 0 000 00000 0000000 00,nifal,impv,,,no complement,no complement,,,,,,,,,,,,,
1923824,JY>[,1Q8,Isaiah,49,9,Y>W,L >MR L >SWRJM Y>W L >CR B XCK HGLW <L DRKJM JR<W W B KL CPJJM MR<JTM,0 000 0 000000 000 0 000 0 000 0000 00 00000 0000 0 0 00 00000 0000000 00,qal,impv,,,no complement,no complement,,,,,,,,,,,,,
1923829,GLH[,1Q8,Isaiah,49,9,HGLW,L >MR L >SWRJM Y>W L >CR B XCK HGLW <L DRKJM JR<W W B KL CPJJM MR<JTM,0 000 0 000000 000 0 000 0 000 0000 00 00000 0000 0 0 00 00000 0000000 00,nifal,impv,,,no complement,no complement,,,,,,,,,,,,,
229372,BW>[,MT,Isaiah,49,12,JB>W,HNH >LH M RXWQ JB>W W HNH >LH M YPWN W M JM W >LH M >RY SJNJM,,qal,impf,HNH >LH M RXWQ JB>W,>LH,M RXWQ,MN RXWQ/,,0,prep,,,und,,,,MN,,,
1913051,BW>[,1Qisaa,Isaiah,49,12,JBW>W,HNH >LH M RXWQ JBW>W W HNH >LH M YPWN W M JM W >LH M >RY SWNJJM,000 000 0 0000 00000 0 000 000 0 0000 0 0 00 0 000 0 000 000000 00,qal,impf,HNH >LH M RXWQ JBW>W,>LH,M RXWQ,MN RXWQ/,,0,prep,,,und,,,,MN,,,
1923873,BW>[,1Q8,Isaiah,49,12,JB>W,HNH >LH M RXWQ JB>W W HNH >LH M YPWN W M JM W >LH M >RY SJNJM,000 000 0 0000 0000 0 000 000 0 0000 0 0 00 0 000 0 000 00000 00,qal,impf,HNH >LH M RXWQ JBW>W,>LH,M RXWQ,MN RXWQ/,,0,prep,,,und,,,,MN,,,
229438,JY>[,MT,Isaiah,49,17,JY>W,MHRW BNJK MHRSJK W MXRBJK MMK JY>W,,qal,impf,MHRSJK W MXRBJK MMK JY>W,MHRSJK W MXRBJK,MMK,MN,,0,prep,,,det,,,,MN,,,
229432,MHR[,MT,Isaiah,49,17,MHRW,MHRW BNJK MHRSJK W MXRBJK MMK JY>W,,piel,perf,MHRW BNJK,BNJK,no complement,no complement,,,,,,,,,,,,,
1913118,MHR[,1Qisaa,Isaiah,49,17,MHRW,MHRW BWNJK MHWRSJK W MXRJBJK MMK JY>W,0000 000000 00000000 0 00000000 0000 0000 00,piel,perf,,,no complement,no complement,,,,,,,,,,,,,
1913124,JY>[,1Qisaa,Isaiah,49,17,JY>W,MHRW BWNJK MHWRSJK W MXRJBJK MMK JY>W,0000 000000 00000000 0 00000000 0000 0000 00,qal,impf,MHWRSJK W MXRJBJK MMK JY>W,MHWRSJK W MXRJBJK,MMK,no complement,,0,,,,,,,,MN,,,
229446,BW>[,MT,Isaiah,49,18,B>W,F>J SBJB <JNJK W R>J KLM NQBYW B>W LK XJ >NJ N>M JHWH KJ KLM K <DJ TLBCJ W TQCRJM K KLH,,qal,perf,B>W LK,,LK,L,,0,prep,,,det,,,,L,,,
1913133,BW>[,1Qisaa,Isaiah,49,18,B>W,S>J SBJB <JNJK W R>J KWLM NQBYW B>W LKJ XJ >NJ NW>M JHWH KJ> KWLM K <DJ TLBCJ W TQCRJM K KLH,000 0000 000000 0 000 00000 00000 000 0000 00 000 0000 0000 000 00000 0 000 00000 0 0000000 0 000 00,qal,perf,B>W LKJ,,LKJ,no complement,,0,,,,,,,,L,,,
229488,NGC[,MT,Isaiah,49,20,GCH,<WD J>MRW B >ZNJK BNJ CKLJK YR LJ H MQWM GCH LJ W >CBH,,qal,impv,GCH LJ,,no complement,no complement,,,,,,,,,,,,,
1913175,NGC[,1Qisaa,Isaiah,49,20,GCH,<WD JW>MRW B >WZNJK BNJ CKWLJK YR LJ H MQWM GCH LJ W >CBH,000 000000 0 0000000 000 0000000 00 000 0 0000 0000 000 0 0000 00,qal,impv,GCH LJ,,no complement,no complement,,,,,,,,,,,,,
229506,GLH[,MT,Isaiah,49,21,GLH,W >MRT B LBBK MJ JLD LJ >T >LH W >NJ CKWLH W GLMWDH GLH W SWRH W >LH MJ GDL HN >NJ NC>RTJ L BDJ >LH >JPH HM,,qal,ptca,GLH,,no complement,no complement,,,,,,,,,,,,,
1913195,GLH[,1Qisaa,Isaiah,49,21,GWLH,W >MRT B LBBK MJ> JLD LJ >T >LH W >NJ CKWLH W GLMWDH W GWLH W SRH >LH MJ> GDL HNH >NJ NC>RTJ L BDJ >LH >JPW HMH,0 0000 0 00000 000 000 000 00 000 0 000 00000 0 000000 0 0000 0 000 000 000 000 000 000 000000 0 0000 000 0000 000 00,qal,ptca,,,no complement,no complement,,,,,,,,,,,,,
229536,BW>[,MT,Isaiah,49,22,HBJ>W,KH >MR >DNJ JHWH HNH >F> >L GWJM JDJ W >L <MJM >RJM NSJ W HBJ>W BNJK B XYN W BNTJK <L KTP TNF>NH,,hif,perf,W HBJ>W BNJK B XYN,,no complement,no complement,,,,,,,,,,,,,
1913226,BW>[,1Qisaa,Isaiah,49,22,HBJ>W,KJ> KWH >MR JHWH HNH >F> >L GW>JM JDJ W >L H <MJM >RJM NSJ W HBJ>W BNJK B XWYN W BNWTJK <L KTP TNFNH,000 000 000 0000 000 000 00 00000 0000 0 00 0 0000 0000 0000 0 00000 00000 0 0000 0 0000000 00 000 00000 00,hifil,perf,,,no complement,no complement,,,,,,,,,,,,,
229653,BW>[,MT,Isaiah,50,2,B>TJ,MDW< B>TJ W >JN >JC QR>TJ W >JN <WNH H QYWR QYRH JDJ M PDWT W >M >JN BJ KX L HYJL HN B G<RTJ >XRJB JM >FJM NHRWT MDBR TB>C DGTM M >JN MJM W TMT B YM>,,qal,perf,MDW< B>TJ,,no complement,no complement,,,,,,,,,,,,,
1913347,BW>[,1Qisaa,Isaiah,50,2,B>TJ,MDW< B>TJ W >JN >JC QR>TJ W >JN <WNH H QYWR QYRH JDJ M PDWT >M >JN BJ KWX L HYJL HNH B G<RTJ >XRJB JM >FJM NHRWT MDBR TJBC DGTM M >JN MJM W TMWT B YM>,0000 0000 0 000 000 00000 0 000 0000 0 0000 0000 0000 0 0000 00 000 000 000 0 0000 000 0 000000 00000 00 0000 00000 0000 0000 00000 0 000 000 0 0000 0 000 00,qal,perf,,,no complement,no complement,,,,,,,,,,,,,
229785,NGC[,MT,Isaiah,50,8,JGC,QRWB MYDJQJ MJ JRJB >TJ N<MDH JXD MJ B<L MCPVJ JGC >LJ,,qal,impf,JGC >LJ,,>LJ,>L,,0,prep,,,det,,,,>L,,,
1913481,NGC[,1Qisaa,Isaiah,50,8,JGC,QRWB MYDJQJ MJ JRJB >TJ N<MWDH JXDJW MJ B<L MCPVJ JGC >LJ,0000 0000000 00 0000 0000 000000 00000 00 000 000000 000 0000 00,qal,impf,JGC >LJ,,>LJ,no complement,,0,,,,,,,,>L,,,
1923957,NGC[,1Q8,Isaiah,50,8,JGC,QRWB MYDJQJ MJ JRJB >TJ N<MDH JXD MJ B<L MCPVJ JGC >LJ,0000 0000000 00 0000 0000 00000 000 00 000 000000 000 0000 00,qal,impf,JGC >LJ,,>LJ,>L,,0,prep,,,det,,,,>L,,,
229812,HLK[,MT,Isaiah,50,10,HLK,MJ BKM JR> JHWH CM< B QWL <BDW >CR HLK XCKJM W >JN NGH LW JBVX B CM JHWH W JC<N B >LHJW,,qal,perf,>CR HLK XCKJM,,no complement,no complement,,,,,,,,,,,,,
1913509,HLK[,1Qisaa,Isaiah,50,10,HLKW,MJ BKMH JR>J JHWH CWM< B QWL <BDW >CR HLKW XCWKJM W >JN NWGH LW JBVX B CM JHWH W JC<N B >LWHJW,00 00000 0000 0000 0000 0 000 00000 000 0000 000000 0 000 0000 000 0000 0 00 0000 0 0000 0 0000000 00,qal,perf,>CR HLKW XCWKJM,,no complement,no complement,,,,,,,,,,,,,
1923985,HLK[,1Q8,Isaiah,50,10,HLK,MJ BKM JR> JHWH CM< B QWL <BDW >CR HLK XCKJM W >JN NGH LW JBVX B CM JHWH W JC<N B >LHJW,00 0000 000 0000 000 0 000 00000 000 000 00000 0 000 000 000 0000 0 00 0000 0 0000 0 000000 00,qal,perf,>CR HLK XCKJM,,no complement,no complement,,,,,,,,,,,,,
229832,HLK[,MT,Isaiah,50,11,LKW,HN KLKM QDXJ >C M>ZRJ ZJQWT LKW B >WR >CKM W B ZJQWT B<RTM M JDJ HJTH Z>T LKM L M<YBH TCKBWN,,qal,impv,LKW B >WR >CKM,,no complement,no complement,,,,,,,,,,,,,
1913530,HLK[,1Qisaa,Isaiah,50,11,LKW,HNH KWLM QWDXJ >C M>ZRJ ZJQWT LKW B >WR >CKMH W B ZJQWT B<RTMH M JDJ HJJTH ZW>T LKMH L M<YBH TCKBW,000 00000 00000 00 00000 00000 000 0 000 000000 0 0 00000 000000 0 0000 00000 0000 00000 0 00000 00000 00,qal,impv,,,no complement,no complement,,,,,,,,,,,,,
1924007,HLK[,1Q8,Isaiah,50,11,LKW,HN KLKM QDXJ >C W M>ZRJ ZJQWT LKW B >WR >CKM W B ZJQWT B<RTM M JDJ HJTH Z>T LKM L M<YBH TCKBWN,00 00000 0000 00 0 00000 00000 000 0 000 00000 0 0 00000 00000 0 0000 0000 000 0000 0 00000 0000000 00,qal,impv,,,no complement,no complement,,,,,,,,,,,,,
229915,JY>[,MT,Isaiah,51,4,TY>,HQCJBW >LJ <MJ W L>WMJ >LJ H>ZJNW KJ TWRH M >TJ TY> W MCPVJ L >WR <MJM >RGJ<,,qal,impf,KJ TWRH M >TJ TY>,TWRH,M >TJ,MN >T==,,0,prep + prep,,,det,,,,MN,>T==,,
1913621,JY>[,1Qisaa,Isaiah,51,4,TY>,>QCJBW >LJ <MJ W L>WMJ >LJ H>ZJNW KJ> TWRH M >TJ TY> W MCPVJ L >WR <MJM >RGJ<,000000 0000 0000 0 000000 0000 000000 000 0000 0 0000 000 0 000000 0 000 0000 00000 00,qal,impf,KJ> TWRH M >TJ TY>,TWRH,M >TJ,MN >T==,,0,prep + prep,,,det,,,,MN,>T==,,
1924094,JY>[,1Q8,Isaiah,51,4,TY>,HQCJBW >LJ <MJ W L>MJ >LJ H>ZJNW KJ TWRH M >TJ TY> W MCPVJ L >WR <MJM >RGJ<,000000 0000 0000 0 00000 0000 000000 00 0000 0 0000 000 0 000000 0 000 0000 00000 00,qal,impf,KJ> TWRH M >TJ TY>,TWRH,M >TJ,MN >T==,,0,prep + prep,,,det,,,,MN,>T==,,
229924,JY>[,MT,Isaiah,51,5,JY>,QRWB YDQJ JY> JC<J W ZR<J <MJM JCPVW >LJ >JJM JQWW W >L ZR<J JJXLWN,,qal,perf,JY> JC<J,JC<J,no complement,no complement,,,,,,,,,,,,,
1913631,JY>[,1Qisaa,Isaiah,51,5,JY>,QRWB YDQJ JY> JC<J W ZRW<W <MJM JCPWVW >LJW >JJM JQWW W >L ZRW<W JWXJLWN,0000 00000 000 00000 0 000000 0000 000000 00000 0000 0000 0 00 000000 00000000 00,qal,perf,JY> JC<J,JC<J,no complement,no complement,,,,,,,,,,,,,
1924104,JY>[,1Q8,Isaiah,51,5,JY>,QRWB YDQJ JY> JC<J W ZRW<J <MJM JCPVW >LJ >JJM JQWW W >L ZR<J JJXLWN,0000 00000 000 00000 0 000000 0000 00000 0000 0000 0000 0 00 00000 0000000 00,qal,perf,JY> JC<J,JC<J,no complement,no complement,,,,,,,,,,,,,
230052,<BR[,MT,Isaiah,51,10,<BR,H LW> >T HJ> H MXRBT JM MJ THWM RBH H FMH M<MQJ JM DRK L <BR G>WLJM,,qal,infc,L <BR G>WLJM,G>WLJM,no complement,no complement,,,,,,,,,,,,,
1913754,<BR[,1Qisaa,Isaiah,51,10,<BWR,H LW> >TJ HJ>H H MXRBT JM MJ THWM RB> H FMH B M<MQJ JM DRK L <BWR G>WLJM,0 000 000 0000 0 00000 00 00 0000 000 0 000 0 00000 00 000 0 0000 000000 00,qal,infc,,,no complement,no complement,,,,,,,,,,,,,
1924232,<BR[,1Q8,Isaiah,51,10,<BR,H LW> >T HJ> H MXRBT JM MJ THWM RBH H FMH M<MQJ JM DRK L <BR G>WLJM,0 000 00 000 0 00000 00 00 0000 000 0 000 00000 00 000 0 000 000000 00,qal,infc,,,no complement,no complement,,,,,,,,,,,,,
230059,BW>[,MT,Isaiah,51,11,B>W,W PDWJJ JHWH JCWBWN W B>W YJWN B RNH W FMXT <WLM <L R>CM FFWN W FMXH JFJGWN NSW JGWN W >NXH,,qal,perf,W B>W YJWN B RNH,,YJWN,YJWN==/,,0,vc,topo,inanim,det,nmpr,,,,,,
230057,CWB[,MT,Isaiah,51,11,JCWBWN,W PDWJJ JHWH JCWBWN W B>W YJWN B RNH W FMXT <WLM <L R>CM FFWN W FMXH JFJGWN NSW JGWN W >NXH,,qal,impf,W PDWJJ JHWH JCWBWN,PDWJJ JHWH,no complement,no complement,,,,,,,,,,,,,
230072,NWS[,MT,Isaiah,51,11,NSW,W PDWJJ JHWH JCWBWN W B>W YJWN B RNH W FMXT <WLM <L R>CM FFWN W FMXH JFJGWN NSW JGWN W >NXH,,qal,perf,NSW JGWN W >NXH,JGWN W >NXH,no complement,no complement,,,,,,,,,,,,,
1913762,CWB[,1Qisaa,Isaiah,51,11,JCWBW,W PWL W PZWRJ JHWH JCWBW W B>W YJWN B RWNH W FMXT <WLM <L RW>CJHMH FFWN W FMXH JFJGW W NS JGWN W >NXH,0 00011 0 00000 0000 00000 0 000 0000 0 0000 0 0000 0000 00 000000000 0000 0 0000 00000 0 00 0000 0 0000 00,qal,impf,,,no complement,no complement,,,,,,,,,,,,,
1913764,BW>[,1Qisaa,Isaiah,51,11,B>W,W PWL W PZWRJ JHWH JCWBW W B>W YJWN B RWNH W FMXT <WLM <L RW>CJHMH FFWN W FMXH JFJGW W NS JGWN W >NXH,0 00011 0 00000 0000 00000 0 000 0000 0 0000 0 0000 0000 00 000000000 0000 0 0000 00000 0 00 0000 0 0000 00,qal,perf,W B>W YJWN B RWNH,,YJWN,no complement,,0,,,,,,,,,,,
1913778,NWS[,1Qisaa,Isaiah,51,11,NS,W PWL W PZWRJ JHWH JCWBW W B>W YJWN B RWNH W FMXT <WLM <L RW>CJHMH FFWN W FMXH JFJGW W NS JGWN W >NXH,0 00011 0 00000 0000 00000 0 000 0000 0 0000 0 0000 0000 00 000000000 0000 0 0000 00000 0 00 0000 0 0000 00,qal,perf,,,no complement,no complement,,,,,,,,,,,,,
1924238,CWB[,1Q8,Isaiah,51,11,JCWBWN,W PDWJ JHWH JCWBWN W B>W YJWN B RNH W FMXT <WLM <L R>CM FFWN,0 0000 0000 0000000 0 000 0000 0 000 0 0000 0000 00 00000 0000 00,qal,impf,,,no complement,no complement,,,,,,,,,,,,,
1924240,BW>[,1Q8,Isaiah,51,11,B>W,W PDWJ JHWH JCWBWN W B>W YJWN B RNH W FMXT <WLM <L R>CM FFWN,0 0000 0000 0000000 0 000 0000 0 000 0 0000 0000 00 00000 0000 00,qal,perf,W B>W YJWN B RNH,,YJWN,no complement,,0,,,,,,,,,,,
230123,MHR[,MT,Isaiah,51,14,MHR,MHR Y<H L HPTX W L> JMWT L CXT W L> JXSR LXMW,,piel,perf,MHR Y<H,Y<H,no complement,no complement,,,,,,,,,,,,,
1913834,MHR[,1Qisaa,Isaiah,51,14,MHR,MHR YRH L HPTX W LW> JMWT L CXT W LW> JXSR LXMW,000 000 0 0000 0 000 0000 0 000 0 000 0000 00000 00,piel,perf,,,no complement,no complement,,,,,,,,,,,,,
230304,<BR[,MT,Isaiah,51,23,<BRJM,W FMTJH B JD MWGJK >CR >MRW L NPCK CXJ W N<BRH W TFJMJ K >RY GWK W K XWY L <BRJM,,qal,ptca,W K XWY L <BRJM,,K XWY,K H XWY/,,0,prep,,,det,subs,,,K,,,
230291,<BR[,MT,Isaiah,51,23,N<BRH,W FMTJH B JD MWGJK >CR >MRW L NPCK CXJ W N<BRH W TFJMJ K >RY GWK W K XWY L <BRJM,,qal,impf,W N<BRH,,no complement,no complement,,,,,,,,,,,,,
1914009,<BR[,1Qisaa,Isaiah,51,23,N<BWRH,W FMTJHW B JD MWGJK W M<NJK >CR >MRW L NPCKJ CWXJ W N<BWRH W TFJMJ K >RY GWK W K XWY L <WBRJM,0 0000000 0 00 000000 0 000000 000 0000 0 000000 0000 0 000000 0 00000 0 000 0000 0 0 000 0 000000 00,qal,impf,,,no complement,no complement,,,,,,,,,,,,,
1914019,<BR[,1Qisaa,Isaiah,51,23,<WBRJM,W FMTJHW B JD MWGJK W M<NJK >CR >MRW L NPCKJ CWXJ W N<BWRH W TFJMJ K >RY GWK W K XWY L <WBRJM,0 0000000 0 00 000000 0 000000 000 0000 0 000000 0000 0 000000 0 00000 0 000 0000 0 0 000 0 000000 00,qal,ptca,W K XWY L <WBRJM,,K XWY,no complement,,0,,,,,,,,K,,,
230320,BW>[,MT,Isaiah,52,1,JB>,<WRJ <WRJ LBCJ <ZK YJWN LBCJ BGDJ TP>RTK JRWCLM <JR H QDC KJ L> JWSJP JB> BK <WD <RL W VM>,,qal,impf,JB> BK <WD <RL W VM>,<RL W VM>,BK,B,,0,prep,,,det,,,,B,,,
1914037,BW>[,1Qisaa,Isaiah,52,1,JBW>,<WRJ <WRJ LBCJ <WZ YJWN LBCJ BGDJ TP>RTK JRWCLM <JR H QWDC KJ> LW> JWSJP W JBW> BK <RL W VM>,0000 0000 0000 000 0000 0000 0000 0000000 000000 000 0 0000 000 000 00000 0 0000 000 000 0 000 00,qal,impf,W JBW> BK <RL W VM>,<RL W VM>,BK,no complement,,0,,,,,,,,B,,,
230355,JRD[,MT,Isaiah,52,4,JRD,KJ KH >MR >DNJ JHWH MYRJM JRD <MJ B R>CNH L GWR CM W >CWR B >PS <CQW,,qal,perf,MYRJM JRD <MJ B R>CNH,<MJ,MYRJM,MYRJM/,,0,vc,topo,inanim,det,nmpr,,,,,,
1914075,JRD[,1Qisaa,Isaiah,52,4,JRD,KJ> KWH >MR JHWH MYRJM JRD <MJ B RJCWNH L GWR CMH W >CWR B >PS <CQW,000 000 000 0000 00000 000 0000 0 000000 0 000 0000 0 0000 0 000 00000 00,qal,perf,MYRJM JRD <MJ B RJCWNH,<MJ,MYRJM,no complement,,0,,,,,,,,,,,
230436,CWB[,MT,Isaiah,52,8,CWB,QWL YPJK NF>W QWL JXDW JRNNW KJ <JN B <JN JR>W B CWB JHWH YJWN,,qal,infc,B CWB JHWH YJWN,JHWH,YJWN,YJWN==/,,0,vc,topo,inanim,det,nmpr,,,,,,
1914158,CWB[,1Qisaa,Isaiah,52,8,CWB,QWL YWPJK NF>W QWLM JXDJW JRNNW KJ> <JN B <JN JR>W B CWB JHWH YJWN B RXMJM,000 000000 0000 00000 00000 00000 000 000 0 000 0000 0 000 0000 0000 0 00000 00,qal,infc,B CWB JHWH YJWN B RXMJM,JHWH,YJWN,no complement,,0,,,,,,,,,,,
1924265,CWB[,1Q8,Isaiah,52,8,CB,QWL YPJK NF>W QWL JXDJW JRNNW KJ <JN B <JN JR>W B CB JHWH YJWN,000 00000 0000 000 00000 00000 00 000 0 000 0000 0 00 0000 0000 00,qal,infc,B CB JHWH YJWN,JHWH,YJWN,YJWN==/,,0,vc,topo,inanim,det,nmpr,,,,,,
230470,JY>[,MT,Isaiah,52,11,Y>W,SWRW SWRW Y>W M CM VM> >L TG<W Y>W M TWKH HBRW NF>J KLJ JHWH,,qal,impv,Y>W M CM,,M CM,MN CM,,0,prep,,,,,,,MN,,,
230476,JY>[,MT,Isaiah,52,11,Y>W,SWRW SWRW Y>W M CM VM> >L TG<W Y>W M TWKH HBRW NF>J KLJ JHWH,,qal,impv,Y>W M TWKH,,M TWKH,MN TWK/,,0,prep,,,det,subs,,,MN,,,
230468,SWR[,MT,Isaiah,52,11,SWRW,SWRW SWRW Y>W M CM VM> >L TG<W Y>W M TWKH HBRW NF>J KLJ JHWH,,qal,impv,SWRW,,no complement,no complement,,,,,,,,,,,,,
230469,SWR[,MT,Isaiah,52,11,SWRW,SWRW SWRW Y>W M CM VM> >L TG<W Y>W M TWKH HBRW NF>J KLJ JHWH,,qal,impv,SWRW,,no complement,no complement,,,,,,,,,,,,,
1914198,SWR[,1Qisaa,Isaiah,52,11,SWRW,SWRW SWRW Y>W M CMH B VMH >L TG<W Y>W M TWKH HBRW NWF>J KLJ JHWH,0000 0000 000 0 0000 0 000 00 0000 000 0 00000 0000 00000 000 0000 00,qal,impv,,,no complement,no complement,,,,,,,,,,,,,
1914199,SWR[,1Qisaa,Isaiah,52,11,SWRW,SWRW SWRW Y>W M CMH B VMH >L TG<W Y>W M TWKH HBRW NWF>J KLJ JHWH,0000 0000 000 0 0000 0 000 00 0000 000 0 00000 0000 00000 000 0000 00,qal,impv,,,no complement,no complement,,,,,,,,,,,,,
1914200,JY>[,1Qisaa,Isaiah,52,11,Y>W,SWRW SWRW Y>W M CMH B VMH >L TG<W Y>W M TWKH HBRW NWF>J KLJ JHWH,0000 0000 000 0 0000 0 000 00 0000 000 0 00000 0000 00000 000 0000 00,qal,impv,Y>W M CMH,,M CMH,no complement,,1,,,,,,,,MN,,,
1914207,JY>[,1Qisaa,Isaiah,52,11,Y>W,SWRW SWRW Y>W M CMH B VMH >L TG<W Y>W M TWKH HBRW NWF>J KLJ JHWH,0000 0000 000 0 0000 0 000 00 0000 000 0 00000 0000 00000 000 0000 00,qal,impv,Y>W M TWKH,,M TWKH,no complement,,0,,,,,,,,MN,,,
1924300,SWR[,1Q8,Isaiah,52,11,SWRW,SWRW SWRW Y>W M CM VM> >L TG<W HBRW NF>J KLJ JHWH,0000 0000 000 0 00 000 00 0000 0000 0000 000 0000 00,qal,impv,,,no complement,no complement,,,,,,,,,,,,,
1924301,SWR[,1Q8,Isaiah,52,11,SWRW,SWRW SWRW Y>W M CM VM> >L TG<W HBRW NF>J KLJ JHWH,0000 0000 000 0 00 000 00 0000 0000 0000 000 0000 00,qal,impv,,,no complement,no complement,,,,,,,,,,,,,
1924302,JY>[,1Q8,Isaiah,52,11,Y>W,SWRW SWRW Y>W M CM VM> >L TG<W HBRW NF>J KLJ JHWH,0000 0000 000 0 00 000 00 0000 0000 0000 000 0000 00,qal,impv,Y>W M CM,,M CM,no complement,,0,,,,,,,,MN,,,
230487,JY>[,MT,Isaiah,52,12,TY>W,KJ L> B XPZWN TY>W W B MNWSH L> TLKWN KJ HLK L PNJKM JHWH W M>SPKM >LHJ JFR>L,,qal,impf,KJ L> B XPZWN TY>W,,no complement,no complement,,,,,,,,,,,,,
230492,HLK[,MT,Isaiah,52,12,TLKWN,KJ L> B XPZWN TY>W W B MNWSH L> TLKWN KJ HLK L PNJKM JHWH W M>SPKM >LHJ JFR>L,,qal,impf,W B MNWSH L> TLKWN,,no complement,no complement,,,,,,,,,,,,,
230494,HLK[,MT,Isaiah,52,12,HLK,KJ L> B XPZWN TY>W W B MNWSH L> TLKWN KJ HLK L PNJKM JHWH W M>SPKM >LHJ JFR>L,,qal,ptca,KJ HLK L PNJKM JHWH,JHWH,no complement,no complement,,,,,,,,,,,,,
1914219,JY>[,1Qisaa,Isaiah,52,12,TY>W,KJ> LW> B XPZWN TY>W W B MNWS> LW> TLKWN KJ> HWLK L PNJKMH JHWH W M>SPKMH >LWHJ JFR>L >LWHJ KWL H >RY JQR>,000 000 0 00000 0000 0 0 00000 000 000000 000 0000 0 0000000 0000 0 00000000 00000 00000 00000 000 0 000 0000 00,qal,impf,,,no complement,no complement,,,,,,,,,,,,,
1914224,HLK[,1Qisaa,Isaiah,52,12,TLKWN,KJ> LW> B XPZWN TY>W W B MNWS> LW> TLKWN KJ> HWLK L PNJKMH JHWH W M>SPKMH >LWHJ JFR>L >LWHJ KWL H >RY JQR>,000 000 0 00000 0000 0 0 00000 000 000000 000 0000 0 0000000 0000 0 00000000 00000 00000 00000 000 0 000 0000 00,qal,impf,,,no complement,no complement,,,,,,,,,,,,,
1914226,HLK[,1Qisaa,Isaiah,52,12,HWLK,KJ> LW> B XPZWN TY>W W B MNWS> LW> TLKWN KJ> HWLK L PNJKMH JHWH W M>SPKMH >LWHJ JFR>L >LWHJ KWL H >RY JQR>,000 000 0 00000 0000 0 0 00000 000 000000 000 0000 0 0000000 0000 0 00000000 00000 00000 00000 000 0 000 0000 00,qal,ptca,,,no complement,no complement,,,,,,,,,,,,,
1924317,JY>[,1Q8,Isaiah,52,12,TY>W,KJ L> B XPZWN TY>W W B MNSH L> TLKWN KJ HWLK L PNJKM JHWH W M>SPKM >LHJ JFR>L,00 00 0 00000 0000 0 0 0000 00 000000 00 0000 0 000000 0000 0 0000000 0000 00000 00,qal,impf,,,no complement,no complement,,,,,,,,,,,,,
1924322,HLK[,1Q8,Isaiah,52,12,TLKWN,KJ L> B XPZWN TY>W W B MNSH L> TLKWN KJ HWLK L PNJKM JHWH W M>SPKM >LHJ JFR>L,00 00 0 00000 0000 0 0 0000 00 000000 00 0000 0 000000 0000 0 0000000 0000 00000 00,qal,impf,,,no complement,no complement,,,,,,,,,,,,,
1924324,HLK[,1Q8,Isaiah,52,12,HWLK,KJ L> B XPZWN TY>W W B MNSH L> TLKWN KJ HWLK L PNJKM JHWH W M>SPKM >LHJ JFR>L,00 00 0 00000 0000 0 0 0000 00 000000 00 0000 0 000000 0000 0 0000000 0000 00000 00,qal,ptca,,,no complement,no complement,,,,,,,,,,,,,
230531,QPY[,MT,Isaiah,52,15,JQPYW,KN JZH GWJM RBJM <LJW JQPYW MLKJM PJHM KJ >CR L> SPR LHM R>W W >CR L> CM<W HTBWNNW,,qal,impf,<LJW JQPYW MLKJM PJHM,MLKJM,no complement,no complement,,,,,,,,,,,,,
1914274,QPY[,1Qisaa,Isaiah,52,15,QPYW,KN JZH GW>JM RBJM <LJW W QPYW MLKJM PJHMH KJ> >T >CR LW> SWPR LHMH R>W W >T >CR LW> CM<W HTBWNNW,00 000 00000 0000 00000 0 0000 00000 000000 000 00 000 000 0000 00000 000 0 00 000 000 0000 0000000 00,qal,perf,,,no complement,no complement,,,,,,,,,,,,,
1924364,QPY[,1Q8,Isaiah,52,15,JQPYW,KN JZH GWJM RBJM <LJW JQPYW MLKJM PJHM KJ >CR L> SPR LHM R>W W >CR L> CM<W HTBWNNW,00 000 0000 0000 00000 00000 00000 00000 00 000 00 000 0000 000 0 000 00 0000 0000000 00,qal,impf,,,no complement,no complement,,,,,,,,,,,,,
230554,GLH[,MT,Isaiah,53,1,NGLTH,MJ H>MJN L CM<TNW W ZRW< JHWH <L MJ NGLTH,,nif,perf,W ZRW< JHWH <L MJ NGLTH,ZRW< JHWH,<L MJ,<L MJ,,0,prep,,,und,,,,<L,,,
1914300,GLH[,1Qisaa,Isaiah,53,1,NGLTH,MJ H>MJN L CMW<TNW W ZRW< JHWH >L MJ NGLTH,00 00000 0 00000000 0 0000 0000 00 00 00000 00,nifal,perf,W ZRW< JHWH >L MJ NGLTH,ZRW< JHWH,>L MJ,no complement,,0,,,,,,,,>L,,,
1924388,GLH[,1Q8,Isaiah,53,1,NGLTH,MJ H>MJN L CM<TNW W ZRW< JHWH >L MJ NGLTH,00 00000 0 0000000 0 0000 0000 00 00 00000 00,nifal,perf,W ZRW< JHWH >L MJ NGLTH,ZRW< JHWH,>L MJ,no complement,,0,,,,,,,,>L,,,
230556,<LH[,MT,Isaiah,53,2,J<L,W J<L K JWNQ L PNJW W K CRC M >RY YJH L> T>R LW W L> HDR W NR>HW W L> MR>H W NXMDHW,,qal,wayq,W J<L K JWNQ L PNJW,,L PNJW,L PNH/,,0,prep,,,det,subs,,,L,,,
1914303,<LH[,1Qisaa,Isaiah,53,2,J<LW,W J<LW K JWNQ L PNJW W K CWRC M >RY YJ>H LW> T>WR LW W LW> HDR LW W NR>NW W LW> MR>H W NXMDNW,0 0000 0 0000 0 00000 0 0 0000 0 000 0000 000 0000 000 0 000 000 000 0 000000 0 000 0000 0 0000000 00,qal,wayy,W J<LW K JWNQ L PNJW,,L PNJW,no complement,,0,,,,,,,,L,,,
1924391,<LH[,1Q8,Isaiah,53,2,J<L,W J<L K JWNQ L PNJW W K CRC M >RY YJH L> T>R LW W L> HDR W NR>HW W L> MR>H W NXMDHW,0 000 0 0000 0 00000 0 0 000 0 000 000 00 000 000 0 00 000 0 000000 0 00 0000 0 0000000 00,qal,wayy,W J<L K JWNQ L PNJW,,L PNJW,no complement,,0,,,,,,,,L,,,
230635,T<H[,MT,Isaiah,53,6,T<JNW,KLNW K Y>N T<JNW >JC L DRKW PNJNW W JHWH HPGJ< BW >T <WN KLNW,,qal,perf,KLNW K Y>N T<JNW,KLNW,no complement,no complement,,,,,,,,,,,,,
230639,PNH[,MT,Isaiah,53,6,PNJNW,KLNW K Y>N T<JNW >JC L DRKW PNJNW W JHWH HPGJ< BW >T <WN KLNW,,qal,perf,PNJNW,,no complement,no complement,,,,,,,,,,,,,
1914389,T<H[,1Qisaa,Isaiah,53,6,T<JNW,KWLNW K YW>N T<JNW >JC L DRKW PNJNW W JHWH HPGJ< BW >T <WWN KWLNW,000000 0 0000 00000 000 0 00000 00000 0 0000 00000 000 00 0000 000000 00,qal,perf,,,no complement,no complement,,,,,,,,,,,,,
1914393,PNH[,1Qisaa,Isaiah,53,6,PNJNW,KWLNW K YW>N T<JNW >JC L DRKW PNJNW W JHWH HPGJ< BW >T <WWN KWLNW,000000 0 0000 00000 000 0 00000 00000 0 0000 00000 000 00 0000 000000 00,qal,perf,,,no complement,no complement,,,,,,,,,,,,,
1924473,T<H[,1Q8,Isaiah,53,6,T<JNW,KLNW K Y>N T<JNW >JC L DRKW PNJNW W JHWH HPGJ< BW >T <WN KLNW,00000 0 000 00000 000 0 00000 00000 0 0000 00000 000 00 000 00000 00,qal,perf,,,no complement,no complement,,,,,,,,,,,,,
1924477,PNH[,1Q8,Isaiah,53,6,PNJNW,KLNW K Y>N T<JNW >JC L DRKW PNJNW W JHWH HPGJ< BW >T <WN KLNW,00000 0 000 00000 000 0 00000 00000 0 0000 00000 000 00 000 00000 00,qal,perf,,,no complement,no complement,,,,,,,,,,,,,
230911,<BR[,MT,Isaiah,54,9,<BR,KJ MJ NX Z>T LJ >CR NCB<TJ M <BR MJ NX <WD <L H >RY KN NCB<TJ M QYP <LJK W M G<R BK,,qal,infc,M <BR MJ NX <WD <L H >RY,MJ NX,<L H >RY,<L H >RY/,,0,prep,,,det,subs,,,<L,,,
1914682,<BR[,1Qisaa,Isaiah,54,9,<BWR,K JM NWX ZW>T LJ >CR NCB<TJ M <BWR MJ NWX <WD <L H >RY KN NCB<TJ M QYWP <LJK <WD W M G<WR BK,0 001 000 0000 000 000 000000 0 0000 00 000 000 00 0 000 00 000000 0 0000 00000 000 0 0 0000 000 00,qal,infc,M <BWR MJ NWX <WD <L H >RY,MJ NWX,<L H >RY,no complement,,0,,,,,,,,<L ,,,
230940,MWC[,MT,Isaiah,54,10,JMWC,KJ H HRJM JMWCW W H GB<WT TMWVNH W XSDJ M >TK L> JMWC W BRJT CLWMJ L> TMWV >MR MRXMK JHWH,,qal,impf,W XSDJ M >TK L> JMWC,XSDJ,M >TK,MN >T==,,0,prep + prep,,,det,,,,MN,>T==,,
230930,MWC[,MT,Isaiah,54,10,JMWCW,KJ H HRJM JMWCW W H GB<WT TMWVNH W XSDJ M >TK L> JMWC W BRJT CLWMJ L> TMWV >MR MRXMK JHWH,,qal,impf,KJ H HRJM JMWCW,H HRJM,no complement,no complement,,,,,,,,,,,,,
1914703,MWC[,1Qisaa,Isaiah,54,10,JMWCW,KJ> H HRJM JMWCW W H GB<WT TTMWVJNH W XSDJ M >TK LW> JMWC W BRJT CLWMJ LW> TMWV >MR MRXMKJ JHWH,000 0 0000 00000 0 0 00000 00000000 0 00000 0 0000 000 0000 0 0000 000000 000 0000 000 0000000 0000 00,qal,impf,,,no complement,no complement,,,,,,,,,,,,,
1914713,MWC[,1Qisaa,Isaiah,54,10,JMWC,KJ> H HRJM JMWCW W H GB<WT TTMWVJNH W XSDJ M >TK LW> JMWC W BRJT CLWMJ LW> TMWV >MR MRXMKJ JHWH,000 0 0000 00000 0 0 00000 00000000 0 00000 0 0000 000 0000 0 0000 000000 000 0000 000 0000000 0000 00,qal,impf,W XSDJ M >TK LW> JMWC,XSDJ,M >TK,no complement,,0,,,,,,,,MN,>T==,,
231003,QRB[,MT,Isaiah,54,14,TQRB,B YDQH TKWNNJ RXQJ M <CQ KJ L> TJR>J W M MXTH KJ L> TQRB >LJK,,qal,impf,KJ L> TQRB >LJK,,>LJK,>L,,0,prep,,,det,,,,>L,,,
1914778,QRB[,1Qisaa,Isaiah,54,14,TQRB,B YDQH TTKWNNJ RXQJ M <WCQ KJ> LW> TJR>J W M MXTH KJ> LW> TQRB >LJK,0 0000 0000000 0000 0 0000 000 000 00000 0 0 0000 000 000 0000 00000 00,qal,impf,KJ> LW> TQRB >LJK,,>LJK,>L,,0,prep,,,det,,,,>L,,,
231015,NPL[,MT,Isaiah,54,15,JPWL,HN GWR JGWR >PS M >WTJ MJ GR >TK <LJK JPWL,,qal,impf,<LJK JPWL,,no complement,no complement,,,,,,,,,,,,,
1914791,NPL[,1Qisaa,Isaiah,54,15,JPWLW,HNH GWR JGWR >KS M >TJ MJ JGR >TK <LJK JPWLW,000 000 0000 000 0 0000 00 000 0000 00000 00000 00,qal,impf,,,no complement,no complement,,,,,,,,,,,,,
231025,JY>[,MT,Isaiah,54,16,MWYJ>,HN >NKJ BR>TJ XRC NPX B >C PXM W MWYJ> KLJ L M<FHW W >NKJ BR>TJ MCXJT L XBL,,hif,ptca,W MWYJ> KLJ L M<FHW,,no complement,no complement,,,,,,,,,,,,,
1914802,JY>[,1Qisaa,Isaiah,54,16,MWYJ>,HNH >NWKJ BR>TJ XRC NWPX B >C PXM W MWYJ> KLJ L M<FWHJ >NWKJ BR>TJ MCXJT L XBL,000 00000 00000 000 0000 0 00 000 0 00000 000 0 0000000 00000 00000 00000 0 000 00,hifil,ptca,,,no complement,no complement,,,,,,,,,,,,,
231063,HLK[,MT,Isaiah,55,1,LKW,HWJ KL YM> LKW L MJM W >CR >JN LW KSP LKW CBRW W >KLW W LKW CBRW B LW> KSP W B LW> MXJR JJN W XLB,,qal,impv,LKW L MJM,,L MJM,L H MJM/,,0,prep,,,det,subs,,,L,,,
231072,HLK[,MT,Isaiah,55,1,LKW,HWJ KL YM> LKW L MJM W >CR >JN LW KSP LKW CBRW W >KLW W LKW CBRW B LW> KSP W B LW> MXJR JJN W XLB,,qal,impv,W LKW,,no complement,no complement,,,,,,,,,,,,,
231077,HLK[,MT,Isaiah,55,1,LKW,HWJ KL YM> LKW L MJM W >CR >JN LW KSP LKW CBRW W >KLW W LKW CBRW B LW> KSP W B LW> MXJR JJN W XLB,,qal,impv,W LKW,,no complement,no complement,,,,,,,,,,,,,
1914832,HLK[,1Qisaa,Isaiah,55,1,LKW,HWJ KWL YM> LKW L MJM W >CR >JN LW KSP LKW CBWRW B LW> KSP W B LW> MXJR JJN W XLB,000 000 000 000 0 000 0 000 000 000 000 000 00000 0 000 000 0 0 000 0000 000 0 000 00,qal,impv,LKW L MJM,,L MJM,no complement,,0,,,,,,,,L,,,
1914840,HLK[,1Qisaa,Isaiah,55,1,LKW,HWJ KWL YM> LKW L MJM W >CR >JN LW KSP LKW CBWRW B LW> KSP W B LW> MXJR JJN W XLB,000 000 000 000 0 000 0 000 000 000 000 000 00000 0 000 000 0 0 000 0000 000 0 000 00,qal,impv,,,no complement,no complement,,,,,,,,,,,,,
231116,HLK[,MT,Isaiah,55,3,LKW,HVW >ZNKM W LKW >LJ CM<W W TXJ NPCKM W >KRTH LKM BRJT <WLM XSDJ DWD H N>MNJM,,qal,impv,W LKW >LJ,,>LJ,>L,,0,prep,,,det,,,,>L,,,
1914879,HLK[,1Qisaa,Isaiah,55,3,LKW,HVW >WZNKMH W LKW >LJ W CM<W W TXJH NPCKMH W >KRWT LKMH BRJT <WLM XSDJ DWJD H N>MNJM,000 00000000 0 000 0000 0 0000 0 0000 0000000 0 00000 00000 0000 0000 0000 0000 0 000000 00,qal,impv,W LKW >LJ,,>LJ,no complement,,0,,,,,,,,>L,,,
1924743,HLK[,1Q8,Isaiah,55,3,LKW,HVW >ZNKM W LKW >LJ CM<W W TXJ NPCKM W >KRTH LKM BRJT <WLM XSDJ DWJD H N>MNJM,000 000000 0 000 0000 0000 0 000 000000 0 00000 0000 0000 0000 0000 0000 0 000000 00,qal,impv,W LKW >LJ,,>LJ,>L,,0,prep,,,det,,,,>L,,,
231149,RWY[,MT,Isaiah,55,5,JRWYW,HN GWJ L> TD< TQR> W GWJ L> JD<WK >LJK JRWYW LM<N JHWH >LHJK W L QDWC JFR>L KJ P>RK,,qal,impf,W GWJ >LJK JRWYW LM<N JHWH >LHJK W L QDWC JFR>L,GWJ,>LJK,>L,,0,prep,,,det,,,,>L,,,
1914915,RWY[,1Qisaa,Isaiah,55,5,JRWY,HNH GWJ LW> TD< TQR> W GWJ LW> JD<KH >LJKH JRWY LM<N JHWH >LWHJK W L QDWC JFR>L KJ> P>RK,000 000 000 000 0000 0 000 000 000000 000000 0000 0000 0000 0000000 0 0 0000 00000 000 00000 00,qal,impf,W GWJ >LJKH JRWY LM<N JHWH >LWHJK W L QDWC JFR>L,GWJ,>LJKH,no complement,,0,,,,,,,,>L,,,
1924779,RWY[,1Q8,Isaiah,55,5,JRWYW,HN GWJ L> TD< TQR> W GWJ >CR L> JD<WK >LJK JRWYW LM<N JHWH >LHJK W QDWC JFR>L KJ P>RK,00 000 00 000 0000 0 000 000 00 000000 00000 00000 0000 0000 000000 0 0000 00000 00 00000 00,qal,impf,W GWJ >LJK JRWYW LM<N JHWH >LHJK W QDWC JFR>L,GWJ,>LJK,no complement,,0,,,,,,,,>L,,,
231175,CWB[,MT,Isaiah,55,7,JCB,J<ZB RC< DRKW W >JC >WN MXCBTJW W JCB >L JHWH W JRXMHW W >L >LHJNW KJ JRBH L SLWX,,qal,impf,W JCB >L JHWH,,>L JHWH,>L JHWH/,,0,prep,pers,anim,det,nmpr,,,>L,,,
1914943,CWB[,1Qisaa,Isaiah,55,7,JCWB,J<ZB RC< DRKW W >JC >WN MXCBWTJW W JCWB >L JHWH W JRXMHW W >L >LWHJNW KJ> JRBH L SLWX,0000 000 00000 0 000 000 000000000 0 0000 00 0000 0 0000000 0 00 00000000 000 0000 0 0000 00,qal,impf,W JCWB >L JHWH,,>L JHWH,>L JHWH/,,0,prep,pers,anim,det,nmpr,,,>L,,,
1924807,CWB[,1Q8,Isaiah,55,7,JCB,J<ZB RC< DRKW W >JC >WN MXCBTJW W JCB >L JHWH W JRXMHW W >L >LHJNW KJ JRBH L SLWX,0000 000 00000 0 000 000 00000000 0 000 00 0000 0 0000000 0 00 0000000 00 0000 0 0000 00,qal,impf,W JCWB >L JHWH,,>L JHWH,>L JHWH/,,0,prep,pers,anim,det,nmpr,,,>L,,,
231214,JRD[,MT,Isaiah,55,10,JRD,KJ K >CR JRD H GCM W H CLG MN H CMJM W CMH L> JCWB KJ >M HRWH >T H >RY W HWLJDH W HYMJXH W NTN ZR< L ZR< W LXM L >KL,,qal,impf,K >CR JRD H GCM W H CLG MN H CMJM,H GCM W H CLG,MN H CMJM,MN H CMJM/,,0,prep,,,det,subs,,,MN,,,
231226,CWB[,MT,Isaiah,55,10,JCWB,KJ K >CR JRD H GCM W H CLG MN H CMJM W CMH L> JCWB KJ >M HRWH >T H >RY W HWLJDH W HYMJXH W NTN ZR< L ZR< W LXM L >KL,,qal,impf,W CMH L> JCWB,,CMH,CM,,1,dir_he,,,,,,,,,,
1914986,JRD[,1Qisaa,Isaiah,55,10,JRD,KJ> K >CR JRD H GCM W H CLG MN H CMJM W CMH LW> JCWB KJ> >M HRWH >T H >RY W HWLJDH W HYMJXH W NTN ZR< L ZWR< W LXM L >KWL,000 0 000 000 0 000 0 0 000 00 0 0000 0 0000 000 0000 000 00 0000 00 0 000 0 0000000 0 0000000 0000 0 000 000 0 0000 0 000 0 0000 00,qal,impf,K >CR JRD H GCM W H CLG MN H CMJM,H GCM W H CLG,MN H CMJM,no complement,,0,,,,,,,,MN,,,
1914998,CWB[,1Qisaa,Isaiah,55,10,JCWB,KJ> K >CR JRD H GCM W H CLG MN H CMJM W CMH LW> JCWB KJ> >M HRWH >T H >RY W HWLJDH W HYMJXH W NTN ZR< L ZWR< W LXM L >KWL,000 0 000 000 0 000 0 0 000 00 0 0000 0 0000 000 0000 000 00 0000 00 0 000 0 0000000 0 0000000 0000 0 000 000 0 0000 0 000 0 0000 00,qal,impf,W CMH LW> JCWB,,CMH,no complement,,1,,,,,,,,,,,
1924849,JRD[,1Q8,Isaiah,55,10,JRD,KJ K >CR JRD H GCM W H CLG MN H CMJM W CMH L> JCWB KJ >M HRWH >T H >RY W HWLJDH W HYMJXH W NTN ZR< L ZR< W LXM L >KL,00 0 000 000 0 000 0 0 000 00 0 0000 0 0000 00 0000 00 00 0000 00 0 000 0 0000000 0 0000000 0 000 000 0 000 0 000 0 000 00,qal,impf,K >CR JRD H GCM W H CLG MN H CMJM,H GCM W H CLG,MN H CMJM,no complement,,0,,,,,,,,MN,,,
1924861,CWB[,1Q8,Isaiah,55,10,JCWB,KJ K >CR JRD H GCM W H CLG MN H CMJM W CMH L> JCWB KJ >M HRWH >T H >RY W HWLJDH W HYMJXH W NTN ZR< L ZR< W LXM L >KL,00 0 000 000 0 000 0 0 000 00 0 0000 0 0000 00 0000 00 00 0000 00 0 000 0 0000000 0 0000000 0 000 000 0 000 0 000 0 000 00,qal,impf,W CMH L> JCWB,,CMH,no complement,,1,,,,,,,,,,,
231252,JY>[,MT,Isaiah,55,11,JY>,KN JHJH DBRJ >CR JY> M PJ L> JCWB >LJ RJQM KJ >M <FH >T >CR XPYTJ W HYLJX >CR CLXTJW,,qal,impf,>CR JY> M PJ,,M PJ,MN PH/,,0,prep,,,det,subs,,,MN,,,
231256,CWB[,MT,Isaiah,55,11,JCWB,KN JHJH DBRJ >CR JY> M PJ L> JCWB >LJ RJQM KJ >M <FH >T >CR XPYTJ W HYLJX >CR CLXTJW,,qal,impf,L> JCWB >LJ RJQM,,>LJ,>L,,0,prep,,,det,,,,>L,,,
1915024,JY>[,1Qisaa,Isaiah,55,11,JY>,KN JHJH DBRJ >CR JY> M PJ LW> JCWB >LJ RJQM KJ> >M <FH >T >CR XPYTJ W HYLJX >T >CR CLXTJW,00 0000 00000 000 000 0 000 000 0000 0000 0000 000 00 000 00 000 00000 0 00000 00 000 0000000 00,qal,impf, >CR JY> M PJ ,,M PJ ,no complement,,0,,,,,,,,M,,,
1915028,CWB[,1Qisaa,Isaiah,55,11,JCWB,KN JHJH DBRJ >CR JY> M PJ LW> JCWB >LJ RJQM KJ> >M <FH >T >CR XPYTJ W HYLJX >T >CR CLXTJW,00 0000 00000 000 000 0 000 000 0000 0000 0000 000 00 000 00 000 00000 0 00000 00 000 0000000 00,qal,impf,LW> JCWB >LJ RJQM,,>LJ,no complement,,0,,,,,,,,>L,,,
1924886,JY>[,1Q8,Isaiah,55,11,JY>,KN JHJH DBRJ >CR JY> M PJ L> JCWB >LJ RJQM KJ >M <FH >T >CR XPYTJ W HYLJX >T >CR CLXTJ,00 0000 00000 000 000 0 000 00 0000 0000 0000 00 00 000 00 000 00000 0 00000 00 000 00000 00,qal,impf,>CR JY> M PJ,,M PJ,no complement,,0,,,,,,,,MN,,,
1924890,CWB[,1Q8,Isaiah,55,11,JCWB,KN JHJH DBRJ >CR JY> M PJ L> JCWB >LJ RJQM KJ >M <FH >T >CR XPYTJ W HYLJX >T >CR CLXTJ,00 0000 00000 000 000 0 000 00 0000 0000 0000 00 00 000 00 000 00000 0 00000 00 000 00000 00,qal,impf,JCWB >LJ RJQM,,>LJ,no complement,,0,,,,,,,,>L,,,
231272,JY>[,MT,Isaiah,55,12,TY>W,KJ B FMXH TY>W W B CLWM TWBLWN H HRJM W H GB<WT JPYXW L PNJKM RNH W KL <YJ H FDH JMX>W KP,,qal,impf,KJ B FMXH TY>W,,no complement,no complement,,,,,,,,,,,,,
1915046,JY>[,1Qisaa,Isaiah,55,12,TY>W,KJ> B FMXH TY>W W B CLWM TLKW H HRJM W H GB<WT JPYXW L PNJKMH RWNH W KWL <YJ H FDH JMXW> KP,000 0 0000 0000 0 0 0000 0000 0 0000 0 0 00000 00000 0 0000000 0000 0 000 000 0 000 00000 00 00,qal,impf,,,no complement,no complement,,,,,,,,,,,,,
1915050,HLK[,1Qisaa,Isaiah,55,12,TLKW,KJ> B FMXH TY>W W B CLWM TLKW H HRJM W H GB<WT JPYXW L PNJKMH RWNH W KWL <YJ H FDH JMXW> KP,000 0 0000 0000 0 0 0000 0000 0 0000 0 0 00000 00000 0 0000000 0000 0 000 000 0 000 00000 00 00,qal,impf,,,no complement,no complement,,,,,,,,,,,,,
1924908,JY>[,1Q8,Isaiah,55,12,TY>WN,KJ B FMXH TY>WN W B CLWM TWBLWN H HRJM W H GB<WT JPYXW L PNJKM RNH W KL <YJ H FDH JMXJW KP,00 0 0000 000000 0 0 0000 0000000 0 0000 0 0 00000 00000 0 000000 000 0 00 000 0 000 00000 00 00,qal,impf,,,no complement,no complement,,,,,,,,,,,,,
231296,<LH[,MT,Isaiah,55,13,J<LH,TXT H N<YWY J<LH BRWC TXT H SRPD J<LH HDS W HJH L JHWH L CM L >WT <WLM L> JKRT,,qal,impf,TXT H N<YWY J<LH BRWC,BRWC,no complement,no complement,,,,,,,,,,,,,
231302,<LH[,MT,Isaiah,55,13,J<LH,TXT H N<YWY J<LH BRWC TXT H SRPD J<LH HDS W HJH L JHWH L CM L >WT <WLM L> JKRT,,qal,impf,TXT H SRPD J<LH HDS,HDS,no complement,no complement,,,,,,,,,,,,,
1915071,<LH[,1Qisaa,Isaiah,55,13,J<LH,TXT H N<YWY J<LH BR>WC W TXT H SRPWD J<LH >DS W HJW L JHWH L >WT W L CM <WLM LW> JKRT,000 0 00000 0000 00000 0 000 0 00000 0000 000 0 000 0 0000 0 000 0 0 00 0000 000 0000 00,qal,impf,,,no complement,no complement,,,,,,,,,,,,,
1915077,<LH[,1Qisaa,Isaiah,55,13,J<LH,TXT H N<YWY J<LH BR>WC W TXT H SRPWD J<LH >DS W HJW L JHWH L >WT W L CM <WLM LW> JKRT,000 0 00000 0000 00000 0 000 0 00000 0000 000 0 000 0 0000 0 000 0 0 00 0000 000 0000 00,qal,impf,,,no complement,no complement,,,,,,,,,,,,,
1924933,<LH[,1Q8,Isaiah,55,13,J<LH,TXT H N<YWY J<LH BRWC W TXT H SRPD J<LH HDS W HJH L JHWH L CM L >WT <WLM L> JKRT,000 0 00000 0000 0000 0 000 0 0000 0000 000 0 000 0 0000 0 00 0 000 0000 00 0000 00,qal,impf,,,no complement,no complement,,,,,,,,,,,,,
1924939,<LH[,1Q8,Isaiah,55,13,J<LH,TXT H N<YWY J<LH BRWC W TXT H SRPD J<LH HDS W HJH L JHWH L CM L >WT <WLM L> JKRT,000 0 00000 0000 0000 0 000 0 0000 0000 000 0 000 0 0000 0 00 0 000 0000 00 0000 00,qal,impf,,,no complement,no complement,,,,,,,,,,,,,
231327,BW>[,MT,Isaiah,56,1,BW>,KH >MR JHWH CMRW MCPV W <FW YDQH KJ QRWBH JCW<TJ L BW> W YDQTJ L HGLWT,,qal,infc,L BW>,,no complement,no complement,,,,,,,,,,,,,
231331,GLH[,MT,Isaiah,56,1,HGLWT,KH >MR JHWH CMRW MCPV W <FW YDQH KJ QRWBH JCW<TJ L BW> W YDQTJ L HGLWT,,nif,infc,L HGLWT,,no complement,no complement,,,,,,,,,,,,,
1915105,BW>[,1Qisaa,Isaiah,56,1,BW>,KJ> KWH >MR JHWH CMWRW MCPV W <FW YDQH KJ> QRWBH JCW<TJ L BW> W YDQTJ L HGLWT,000 000 000 0000 00000 0000 0 000 0000 000 00000 0000000 0 000 0 000000 0 00000 00,qal,infc,,,no complement,no complement,,,,,,,,,,,,,
1915109,GLH[,1Qisaa,Isaiah,56,1,HGLWT,KJ> KWH >MR JHWH CMWRW MCPV W <FW YDQH KJ> QRWBH JCW<TJ L BW> W YDQTJ L HGLWT,000 000 000 0000 00000 0000 0 000 0000 000 00000 0000000 0 000 0 000000 0 00000 00,nifal,infc,,,no complement,no complement,,,,,,,,,,,,,
1924965,BW>[,1Q8,Isaiah,56,1,BW>,KH >MR JHWH CMRW MCPV W <FW YDQH KJ QRWBH JCW<TJ L BW> W YDQTJ L HGLWT,00 000 0000 0000 0000 0 000 0000 00 00000 0000000 0 000 0 000000 0 00000 00,qal,infc,,,no complement,no complement,,,,,,,,,,,,,
1924969,GLH[,1Q8,Isaiah,56,1,HGLWT,KH >MR JHWH CMRW MCPV W <FW YDQH KJ QRWBH JCW<TJ L BW> W YDQTJ L HGLWT,00 000 0000 0000 0000 0 000 0000 00 00000 0000000 0 000 0 000000 0 00000 00,nifal,infc,,,no complement,no complement,,,,,,,,,,,,,
231454,BW>[,MT,Isaiah,56,7,HBJ>WTJM,W HBJ>WTJM >L HR QDCJ W FMXTJM B BJT TPLTJ <WLTJHM W ZBXJHM L RYWN <L MZBXJ KJ BJTJ BJT TPLH JQR> L KL H <MJM,,hif,perf,W HBJ>WTJM >L HR QDCJ,,>L HR QDCJ,>L HR/ QDC/,,0,prep,,,det,subs subs,,,>L,,,
1915236,BW>[,1Qisaa,Isaiah,56,7,HBJ>WTJM,W HBJ>WTJM >L HR QWDCJ W FMXTJM B BJT TPLTJ <WLWTJHMH W ZBXJHMH J<LW L RYWN <L MZBXJ KJ> BJTJ BJT TPLH JQRH L KWL H <MJM,0 000000000 00 00 000000 0 0000000 0 000 000000 0000000000 0 00000000 0000 0 0000 00 000000 000 00000 000 0000 0000 0 000 0 0000 00,hifil,perf,W HBJ>WTJM >L HR QWDCJ,,>L HR QWDCJ,no complement,,0,,,,,,,,>L,,,
1915248,<LH[,1Qisaa,Isaiah,56,7,J<LW,W HBJ>WTJM >L HR QWDCJ W FMXTJM B BJT TPLTJ <WLWTJHMH W ZBXJHMH J<LW L RYWN <L MZBXJ KJ> BJTJ BJT TPLH JQRH L KWL H <MJM,0 000000000 00 00 000000 0 0000000 0 000 000000 0000000000 0 00000000 0000 0 0000 00 000000 000 00000 000 0000 0000 0 000 0 0000 00,qal,impf,<WLWTJHMH W ZBXJHMH J<LW L RYWN <L MZBXJ,<WLWTJHMH W ZBXJHMH,<L MZBXJ,no complement,,0,,,,,,,,<L ,,,
1925097,BW>[,1Q8,Isaiah,56,7,HBJ>TJM,W HBJ>TJM >L HR QDCJ W FMXTJM B BJT TPLTJ <LTJHM W ZBXJHM L RYWN <L MZBXJ KJ BJTJ BJT TPLH JQR> L KL H <MJM,0 00000000 00 00 00000 0 0000000 0 000 000000 0000000 0 0000000 0 0000 00 000000 00 00000 000 0000 0000 0 00 0 0000 00,hifil,perf,W HBJ>TJM >L HR QDCJ,,>L HR QDCJ,>L HR/ QDC/,,0,prep,,,det,subs subs,,,,,,
231493,>TH[,MT,Isaiah,56,9,>TJW,KL XJTW FDJ >TJW L >KL KL XJTW B J<R,,qal,impv,>TJW,,no complement,no complement,,,,,,,,,,,,,
1915278,>TH[,1Qisaa,Isaiah,56,9,>TJW,KWL XJWT FDH >TJW L >KWL W KWL XJWT B J<R,000 0000 000 0000 0 0000 0 000 0000 0 000 00,qal,impv,,,no complement,no complement,,,,,,,,,,,,,
1925137,>TH[,1Q8,Isaiah,56,9,>TJW,KL XJTW FDJ >TJW L >KL KL XJJTW B J<R,00 0000 000 0000 0 000 00 00000 0 000 00,qal,impv,,,no complement,no complement,,,,,,,,,,,,,
231535,PNH[,MT,Isaiah,56,11,PNW,W H KLBJM <ZJ NPC L> JD<W FB<H W HMH R<JM L> JD<W HBJN KLM L DRKM PNW >JC L BY<W M QYHW,,qal,perf,KLM L DRKM PNW,KLM,L DRKM,L DRK/,,0,prep,,,det,subs,,,L,,,
1915324,PNH[,1Qisaa,Isaiah,56,11,PNW,W H KLBJM <ZJ NPC LW> JD<W FB<H W HMH H RW<JM LW> JD<W HBJN KWLM L DRKM PNW >JC L BY<W M QYHW,0 0 00000 000 000 000 0000 0000 0 000 0 00000 000 0000 0000 00000 0 00000 000 000 0 00000 0 00000 00,qal,perf,KWLM L DRKM PNW,KWLM,L DRKM,no complement,,0,,,,,,,,L,,,
1925180,PNH[,1Q8,Isaiah,56,11,PNW,W H KLBJM <ZJ NPC L> JD<W FB<H W HM R<JM L> JD<W HBJN KLM L DRKM PNW >JC L BY<W M QYHW,0 0 00000 000 000 00 0000 0000 0 00 0000 00 0000 0000 0000 0 00000 000 000 0 00000 0 00000 00,qal,perf,KLM L DRKM PNW,KLM,L DRKM,no complement,,0,,,,,,,,L,,,
231541,>TH[,MT,Isaiah,56,12,>TJW,>TJW >QXH JJN W NSB>H CKR W HJH K ZH JWM MXR GDWL JTR M>D,,qal,impv,>TJW,,no complement,no complement,,,,,,,,,,,,,
1915331,>TH[,1Qisaa,Isaiah,56,12,>TJW,>TJW W NQX JJN W NSBH CKR W JHJ K ZH H JWM W MXR GDWL JTR MW>D,0000 0 000 000 0 0000 000 0 000 0 00 0 000 0 000 0000 000 0000 00,qal,impv,,,no complement,no complement,,,,,,,,,,,,,
1925187,>TH[,1Q8,Isaiah,56,12,>TJW,>TJW >QX JJN W NSB>H CKR W HJH K ZH JWM MXR GDWL JTR M>D,0000 000 000 0 00000 000 0 000 0 00 000 000 0000 000 000 00,qal,impv,,,no complement,no complement,,,,,,,,,,,,,
231582,NWX[,MT,Isaiah,57,2,JNWXW,JBW> CLWM JNWXW <L MCKBWTM HLK NKXW,,qal,impf,JNWXW <L MCKBWTM,,<L MCKBWTM,<L MCKB/,,0,prep,,,det,subs,,,<L,,,
231580,BW>[,MT,Isaiah,57,2,JBW>,JBW> CLWM JNWXW <L MCKBWTM HLK NKXW,,qal,impf,JBW> CLWM,,no complement,no complement,,,,,,,,,,,,,
231585,HLK[,MT,Isaiah,57,2,HLK,JBW> CLWM JNWXW <L MCKBWTM HLK NKXW,,qal,ptca,HLK NKXW,,no complement,no complement,,,,,,,,,,,,,
1915378,BW>[,1Qisaa,Isaiah,57,2,JBW>,W JBW> CLWM W JNWXW <L MCKBWTJW HLWK NWKXH,0 0000 0000 0 00000 00 000000000 0000 00000 00,qal,impf,,,no complement,no complement,,,,,,,,,,,,,
1915381,NWX[,1Qisaa,Isaiah,57,2,JNWXW,W JBW> CLWM W JNWXW <L MCKBWTJW HLWK NWKXH,0 0000 0000 0 00000 00 000000000 0000 00000 00,qal,impf,W JNWXW <L MCKBWTJW,,<L MCKBWTJW,no complement,,0,,,,,,,,<L,,,
1915384,HLK[,1Qisaa,Isaiah,57,2,HLWK,W JBW> CLWM W JNWXW <L MCKBWTJW HLWK NWKXH,0 0000 0000 0 00000 00 000000000 0000 00000 00,qal,infa,,,no complement,no complement,,,,,,,,,,,,,
1925228,BW>[,1Q8,Isaiah,57,2,JBW>W,JBW>W CLWM JNWXW <L MCKBTM HWLK NKXH,00000 0000 00000 00 0000000 0000 0000 00,qal,impf,,,no complement,no complement,,,,,,,,,,,,,
1925230,NWX[,1Q8,Isaiah,57,2,JNWXW,JBW>W CLWM JNWXW <L MCKBTM HWLK NKXH,00000 0000 00000 00 0000000 0000 0000 00,qal,impf,JNWXW <L MCKBTM,,<L MCKBTM,<L MCKB/,,0,prep,,,det,subs,,,<L,,,
1925233,HLK[,1Q8,Isaiah,57,2,HWLK,JBW>W CLWM JNWXW <L MCKBTM HWLK NKXH,00000 0000 00000 00 0000000 0000 0000 00,qal,ptca,,,no complement,no complement,,,,,,,,,,,,,
231589,QRB[,MT,Isaiah,57,3,QRBW,W >TM QRBW HNH BNJ <NNH ZR< MN>P W TZNH,,qal,impv,W >TM QRBW HNH,>TM,HNH,HNH==,,0,vc,,,,,,,,,,
1915389,QRB[,1Qisaa,Isaiah,57,3,QRWBW,W >TMH QRWBW HNH BNJ <NNH ZR< MN>P W TZNW,0 0000 00000 000 000 0000 000 0000 0 0000 00,qal,impv,W >TMH QRWBW HNH,>TMH,HNH,HNH==,,0,vc,,,,,,,,,,
1925238,QRB[,1Q8,Isaiah,57,3,QRBW,W >TM QRBW HNH BNJ <NNH ZR< MN>P W TZNH,0 000 0000 000 000 0000 000 0000 0 0000 00,qal,impv,W >TMH QRWBW HNH,>TMH,HNH,HNH==,,0,vc,,,,,,,,,,
231643,<LH[,MT,Isaiah,57,6,H<LJT,B XLQJ NXL XLQK HM HM GWRLK GM LHM CPKT NSK H<LJT MNXH H <L >LH >NXM,,hif,perf,H<LJT MNXH,,no complement,no complement,,,,,,,,,,,,,
1915445,<LH[,1Qisaa,Isaiah,57,6,H<LJTH,B XLQJ NXL XLQKH CMH HMH GWRLKH GM LHMH CPKTH NSK H<LJTH MNXH H <L >LH >NXM,0 0000 000 000000 0000 000 0000000 00 00000 00000 000 000000 0000 0 00 000 0000 00,hifil,perf,,,no complement,no complement,,,,,,,,,,,,,
231658,<LH[,MT,Isaiah,57,7,<LJT,<L HR GBH W NF> FMT MCKBK GM CM <LJT L ZBX ZBX,,qal,perf,GM CM <LJT,,no complement,no complement,,,,,,,,,,,,,
1915461,<LH[,1Qisaa,Isaiah,57,7,<LJT,<L HR GBH W NF> FMT MCKBKH GM CM <LJT L ZBWX ZBX,00 00 000 0 000 000 0000000 00 00 0000 0 0000 000 00,qal,perf,GM CM <LJT,,no complement,no complement,,,,,,,,,,,,,
231674,GLH[,MT,Isaiah,57,8,GLJT,W >XR H DLT W H MZWZH FMT ZKRWNK KJ M >TJ GLJT W T<LJ HRXBT MCKBK W TKRT LK MHM >HBT MCKBM JD XZJT,,piel,perf,KJ M >TJ GLJT,,no complement,no complement,,,,,,,,,,,,,
231676,<LH[,MT,Isaiah,57,8,T<LJ,W >XR H DLT W H MZWZH FMT ZKRWNK KJ M >TJ GLJT W T<LJ HRXBT MCKBK W TKRT LK MHM >HBT MCKBM JD XZJT,,qal,wayq,W T<LJ,,no complement,no complement,,,,,,,,,,,,,
1915478,GLH[,1Qisaa,Isaiah,57,8,GLJTH,W >XR H DLT W H MZWZH FMTH ZKRWNKH KJ> M >TJ GLJTH W T<LW HRXBT MCKBK W TKRWTW LKH MHMH >HBT MCKBMH JD XZJT,0 000 0 000 0 0 00000 0000 00000000 000 0 0000 00000 0 0000 00000 000000 0 000000 0000 00000 0000 0000000 00 0000 00,piel,perf,KJ> M >TJ GLJTH,,no complement,no complement,,,,,,,,,,,,,
1915480,<LH[,1Qisaa,Isaiah,57,8,T<LW,W >XR H DLT W H MZWZH FMTH ZKRWNKH KJ> M >TJ GLJTH W T<LW HRXBT MCKBK W TKRWTW LKH MHMH >HBT MCKBMH JD XZJT,0 000 0 000 0 0 00000 0000 00000000 000 0 0000 00000 0 0000 00000 000000 0 000000 0000 00000 0000 0000000 00 0000 00,qal,wayy,W T<LW,,no complement,no complement,,,,,,,,,,,,,
231688,CWR=[,MT,Isaiah,57,9,TCRJ,W TCRJ L MLK B CMN W TRBJ RQXJK W TCLXJ YRJK <D M RXQ W TCPJLJ <D C>WL,,qal,wayq,W TCRJ L MLK B CMN,,L MLK,L H MLK/,,0,prep,,,det,subs,,,L,,,
1915493,CWR=[,1Qisaa,Isaiah,57,9,TCRJ,W TCRJ L MLK B CMN W TRBJ RWQXJK W TCLXJ YJRJK <D M RXQ W TCPWLJ <D C>WL,0 0000 0 000 0 000 0 0000 0000000 0 00000 000000 00 0 000 0 000000 00 0000 00,qal,wayy,W TCRJ L MLK B CMN,,L MLK,no complement,,0,,,,,,,,L,,,
1915493,CWR=[,1Qisaa,Isaiah,57,9,TCRJ,W TCRJ L MLK B CMN W TRBJ RWQXJK W TCLXJ YJRJK <D M RXQ W TCPWLJ <D C>WL,0 0000 0 000 0 000 0 0000 0000000 0 00000 000000 00 0 000 0 000000 00 0000 00,qal,wayy,W TCRJ L MLK B CMN,,L MLK,no complement,,0,,,,,,,,L,,,
231771,XSH[,MT,Isaiah,57,13,XWSH,B Z<QK JYJLK QBWYJK W >T KLM JF> RWX JQX HBL W H XWSH BJ JNXL >RY W JJRC HR QDCJ,,qal,ptca,H XWSH BJ,,BJ,B,,0,prep,,,det,,,,B,,,
1915581,XSH[,1Qisaa,Isaiah,57,13,XWSH,B Z<QK JYJLWK QWBYJK W >T KWLM JF> RWX W JQX HBL W XWSH BJ> JNXL >RY W JRC HR QWDCJ,0 00000 0000000 0000000 0 00 00000 000 000 0 000 000 0 0000 0000 0000 000 0 000 00 000000 00,qal,ptca,XWSH BJ>,,BJ>,no complement,,0,,,,,,,,B,,,
231783,PNH[,MT,Isaiah,57,14,PNW,W >MR SLW SLW PNW DRK HRJMW MKCWL M DRK <MJ,,piel,impv,PNW DRK,,no complement,no complement,,,,,,,,,,,,,
1915596,PNH[,1Qisaa,Isaiah,57,14,PNW,W JW>MR SWLW SWLW H MSLH PNW DRK HRJMW MKCWL M DRK <MJ>,0 00000 0000 0000 0 0000 000 000 00000 00000 0 000 00000 00,piel,impv,,,no complement,no complement,,,,,,,,,,,,,
231850,HLK[,MT,Isaiah,57,17,JLK,B <WN BY<W QYPTJ W >KHW HSTR W >QYP W JLK CWBB B DRK LBW,,qal,wayq,W JLK CWBB B DRK LBW,,B DRK LBW,B DRK/ LB/,,0,prep,,,det,subs subs,,,B,,,
1915669,HLK[,1Qisaa,Isaiah,57,17,JLK,B <WWN BY<W QYPTJ W >KHW W >HSTR W >QYWPH W JLK CWBB B DRK LBJ,0 0000 00000 00000 0 00000 0 00000 0 000000 0 000 0000 0 000 0000 00,qal,wayy,W JLK CWBB B DRK LBJ,,B DRK LBJ,no complement,,0,,,,,,,,B,,,
1925269,HLK[,1Q8,Isaiah,57,17,JLK,B <WN BY<W QYPTJ W >KHW HSTR W >QYP W JLK CWBB B DRK LBW,0 000 00000 00000 0 00000 0000 0 0000 0 000 0000 0 000 0000 00,qal,wayy,W JLK CWBB B DRK LBW,,B DRK LBW,B DRK/ LB/,,0,prep,,,det,subs subs,,,B,,,
232056,BW>[,MT,Isaiah,58,7,TBJ>,H LW> PRS L R<B LXMK W <NJJM MRWDJM TBJ> BJT KJ TR>H <RM W KSJTW W M BFRK L> TT<LM,,hif,impf,W <NJJM MRWDJM TBJ> BJT,,BJT,BJT/,,0,vc,,,und,subs,,,,,,
1915881,BW>[,1Qisaa,Isaiah,58,7,TBJ>,H LW> PRWS L R<B LXMKH W <NWJJM MRWDJM TBJ> BJT KJ> TR>H <RWM W KSJTW BGD W M BFRKH LW> TT<L,0 000 0000 0 000 000000 0 000000 000000 0000 000 000 0000 0000 0 000000 000 0 0 000000 000 0000 00,hifil,impf,W <NWJJM MRWDJM TBJ> BJT,,BJT,no complement,,0,,,,,,,,,,,
1915893,<LH[,1Qisaa,Isaiah,58,7,TT<L,H LW> PRWS L R<B LXMKH W <NWJJM MRWDJM TBJ> BJT KJ> TR>H <RWM W KSJTW BGD W M BFRKH LW> TT<L,0 000 0000 0 000 000000 0 000000 000000 0000 000 000 0000 0000 0 000000 000 0 0 000000 000 0000 00,hitpael,impf,W M BFRKH LW> TT<L,,M BFRKH,no complement,,0,,,,,,,,MN,,,
1925476,BW>[,1Q8,Isaiah,58,7,TBJ>,H LW> PRWS L R<B LXMK <NJJM MRDJM TBJ> BJT KJ TR>H <RWM W KSJTW W M BFRK L> TT<LM,0 000 0000 0 000 00000 00000 00000 0000 000 00 0000 0000 0 000000 0 0 00000 00 00000 00,hifil,impf,<NJJM MRDJM TBJ> BJT,,BJT,no complement,,0,,,,,,,,,,,
232079,HLK[,MT,Isaiah,58,8,HLK,>Z JBQ< K CXR >WRK W >RKTK MHRH TYMX W HLK L PNJK YDQK KBWD JHWH J>SPK,,qal,perf,W HLK L PNJK YDQK,YDQK,L PNJK,L PNH/,,0,prep,,,det,subs,,,L,,,
1915905,HLK[,1Qisaa,Isaiah,58,8,HLK,>Z JBQ< K CXR >WRKH W >RWKTKH MHRH TYMX W HLK L PNJKH YDQKH W KBWD JHWH J>SPKH,00 0000 0 000 000000 0 00000000 0000 0000 0 000 0 000000 000000 0 0000 0000 0000000 00,qal,perf,W HLK L PNJKH YDQKH,YDQKH,L PNJKH,no complement,,0,,,,,,,,L,,,
1925498,HLK[,1Q8,Isaiah,58,8,HLK,>Z JBQ< K CXR >WRK >RWKTK MHRH TYMX W HLK L PNJK YDQK W KBWD JHWH J>SPK,00 0000 0 000 00000 0000000 0000 0000 0 000 0 00000 00000 0 0000 0000 000000 00,qal,perf,W HLK L PNJK YDQK,YDQK,L PNJK,no complement,,0,,,,,,,,L,,,
232096,SWR[,MT,Isaiah,58,9,TSJR,>Z TQR> W JHWH J<NH TCW< W J>MR HNNJ >M TSJR M TWKK MWVH CLX >YB< W DBR >WN,,hif,impf,>M TSJR M TWKK MWVH,,M TWKK,MN TWK/,,0,prep,,,det,subs,,,MN,,,
1915924,SWR[,1Qisaa,Isaiah,58,9,TSJR,>Z TQR> W JHWH J<NH TCW< W JW>MR HNNJ >M TSJR M TWKKH MWVH W CLWX >YB< W DBR >WN,00 0000 0 0000 0000 0000 0 00000 00000 00 0000 0 000000 0000 0 0000 0000 0 000 000 00,hifil,impf,>M TSJR M TWKKH MWVH,,M TWKKH,no complement,,0,,,,,,,,MN,,,
1925517,SWR[,1Q8,Isaiah,58,9,TSJR,>Z TQR> W JHWH J<NH TCWJ< W J>MR HNNJ >M TSJR M TWKK MVH CLX >YB< W DBR >WN,00 0000 0 0000 0000 00000 0 0000 00000 00 0000 0 00000 000 000 0000 0 000 000 00,hifil,impf,>M TSJR M TWKK MVH,,M TWKK,MN TWK/,,0,prep,,,det,subs,,,MN,,,
232166,CWB[,MT,Isaiah,58,12,MCBB,W BNW MMK XRBWT <WLM MWSDJ DWR W DWR TQWMM W QR> LK GDR PRY MCBB NTJBWT L CBT,,piel,ptca,MCBB NTJBWT,,no complement,no complement,,,,,,,,,,,,,
1915995,CWB[,1Qisaa,Isaiah,58,12,MCWBB,W BNW MMKH XRBWT <WLM MWSDJ DWR W DWR TQWMM W QR>W LK GWDR PRY MCWBB NTJBWT L CBT,0 000 00000 00000 0000 00000 000 0 000 00000 0 0000 000 0000 000 00000 000000 0 000 00,polel,ptca,MCWBB NTJBWT,,no complement,no complement,,,,,,,,,,,,,
1925587,CWB[,1Q8,Isaiah,58,12,MCJB,W BNW MMK XRBWT <WLM MWSDJ DWR W DWR TQWMM W QR> LK GWDR PRY MCJB NTJBWT L CBT,0 000 0000 00000 0000 00000 000 0 000 00000 0 000 000 0000 000 0000 000000 0 000 00,hifil,ptca,MCJB NTJBWT,,no complement,no complement,,,,,,,,,,,,,
232171,CWB[,MT,Isaiah,58,13,TCJB,>M TCJB M CBT RGLK <FWT XPYJK B JWM QDCJ W QR>T L CBT <NG L QDWC JHWH MKBD W KBDTW M <FWT DRKJK M MYW> XPYK W DBR DBR,,hif,impf,>M TCJB M CBT RGLK,,M CBT,MN CBT/,,0,prep,,,und,subs,,,MN,,,
1916001,CWB[,1Qisaa,Isaiah,58,13,TCJB,>M TCJB M CBT RGLKH M <FWT XPYJKH B JWM QWDCJ W QR>TH L CBT <WNG W L QDWC JHWH MKBD W KBDTW M <FWT DRKJKH W M MYW> XPYKH W DBR DBR,00 0000 0 000 000000 0 0000 0000000 0 000 000000 0 00000 0 000 0000 0 0 0000 0000 0000 0 000000 0 0000 0000000 0 0 0000 000000 0 000 000 00,hifil,impf,>M TCJB M CBT RGLKH,,M CBT,no complement,,0,,,,,,,,MN,,,
1925593,CWB[,1Q8,Isaiah,58,13,TCJB,>M TCJB M CBT RGLK <FWT XPYK B JWM QDCJ W QR>T L CBT <NG W L QDWC JHWH MKBD W KBDTW M <FWT DRKK M MYW> XPYK W DBR DBR,00 0000 0 000 00000 0000 00000 0 000 00000 0 0000 0 000 000 0 0 0000 0000 0000 0 000000 0 0000 00000 0 0000 00000 0 000 000 00,hifil,impf,>M TCJB M CBT RGLK,,M CBT,no complement,,0,,,,,,,,MN,,,
232324,RWY[,MT,Isaiah,59,7,JRYW,RGLJHM L R< JRYW W JMHRW L CPK DM NQJ MXCBWTJHM MXCBWT >WN CD W CBR B MSLWTM,,qal,impf,RGLJHM L R< JRYW,RGLJHM,L R<,L H R</,,0,prep,,,det,,,,L,,,
232326,MHR[,MT,Isaiah,59,7,JMHRW,RGLJHM L R< JRYW W JMHRW L CPK DM NQJ MXCBWTJHM MXCBWT >WN CD W CBR B MSLWTM,,piel,impf,W JMHRW,,no complement,no complement,,,,,,,,,,,,,
1916158,RWY[,1Qisaa,Isaiah,59,7,JRWYW,RGLJHMH L R< JRWYW W JMHRW L CPWK DM NQJ> MXCBWTJHMH MXCBWT >WN CD W CBR W XMS B MSLWTJHMH,00000000 0 00 00000 0 00000 0 0000 00 0000 00000000000 000000 000 00 0 000 0 000 0 0000000000 00,qal,impf,RGLJHMH L R< JRWYW,RGLJHMH,L R<,no complement,,0,,,,,,,,L,,,
1916160,MHR[,1Qisaa,Isaiah,59,7,JMHRW,RGLJHMH L R< JRWYW W JMHRW L CPWK DM NQJ> MXCBWTJHMH MXCBWT >WN CD W CBR W XMS B MSLWTJHMH,00000000 0 00 00000 0 00000 0 0000 00 0000 00000000000 000000 000 00 0 000 0 000 0 0000000000 00,piel,impf,,,no complement,no complement,,,,,,,,,,,,,
1925749,RWY[,1Q8,Isaiah,59,7,JRYW,RGLJHM L R< JRYW W JMHRW L CPK DM NQJ MXCBTJHM MXCBWT >WN CD W CBR B MSLWTM,0000000 0 00 0000 0 00000 0 000 00 00000 000000000 000000 000 00 0 000 0 0000000 00,qal,impf,RGLJHM L R< JRYW,RGLJHM,L R<,no complement,,0,,,,,,,,L,,,
1925751,MHR[,1Q8,Isaiah,59,7,JMHRW,RGLJHM L R< JRYW W JMHRW L CPK DM NQJ MXCBTJHM MXCBWT >WN CD W CBR B MSLWTM,0000000 0 00 0000 0 00000 0 000 00 00000 000000000 000000 000 00 0 000 0 0000000 00,piel,impf,,,no complement,no complement,,,,,,,,,,,,,
232378,HLK[,MT,Isaiah,59,9,NHLK,<L KN RXQ MCPV MMNW W L> TFJGNW YDQH NQWH L >WR W HNH XCK L NGHWT B >PLWT NHLK,,piel,impf,B >PLWT NHLK,,B >PLWT,B H >PLH/,,0,prep,,,det,subs,,,B,,,
1916216,HLK[,1Qisaa,Isaiah,59,9,NHLK,<L KN RXQ MCPV MMNW W LW> TFJGNW YDQH NQWH L >WR W HNH XWCK L NGHWT B >PLH NHLK,00 00 000 0000 00000 0 000 0000000 0000 0000 0 000 0 000 0000 0 00000 0 0000 0000 00,piel,impf,B >PLH NHLK,,B >PLH,no complement,,0,,,,,,,,B,,,
232478,BW>[,MT,Isaiah,59,14,BW>,W HSG >XWR MCPV W YDQH M RXWQ T<MD KJ KCLH B RXWB >MT W NKXH L> TWKL L BW>,,qal,infc,L BW>,,no complement,no complement,,,,,,,,,,,,,
1916312,BW>[,1Qisaa,Isaiah,59,14,BW>,W >SJG >XWR MCPV W YDQH M RXWQ T<MWD KJ> KCLH B RXWB >MT W NKWXH LW> TWKL L BW>,0 0000 0000 0000 0 0000 0 0000 00000 000 0000 0 0000 000 0 00000 000 0000 0 000 00,qal,infc,,,no complement,no complement,,,,,,,,,,,,,
232485,SWR[,MT,Isaiah,59,15,SR,W THJ H >MT N<DRT W SR M R< MCTWLL W JR> JHWH W JR< B <JNJW KJ >JN MCPV,,qal,ptca,SR M R<,,M R<,MN R</,,0,prep,,,und,,,,MN,,,
1916320,SWR[,1Qisaa,Isaiah,59,15,SR,W THJ H >MT N<DRT W SR M R< MCTWLL W JR> JHWH W JR< B <JNJW KJ> >JN MCPV,0 000 0 000 00000 0 00 0 00 000000 0 000 0000 0 000 0 000000 000 000 0000 00,qal,ptca,SR M R<,,M R<,MN R</,,0,prep,,,und,,,,MN,,,
232577,NWS[,MT,Isaiah,59,19,NSSH,W JJR>W M M<RB >T CM JHWH W M MZRX CMC >T KBWDW KJ JBW> K NHR YR RWX JHWH NSSH BW,,piel,perf,RWX JHWH NSSH BW,RWX JHWH,BW,B,,0,prep,,,det,,,,B,,,
232570,BW>[,MT,Isaiah,59,19,JBW>,W JJR>W M M<RB >T CM JHWH W M MZRX CMC >T KBWDW KJ JBW> K NHR YR RWX JHWH NSSH BW,,qal,impf,KJ JBW> K NHR YR,YR,no complement,no complement,,,,,,,,,,,,,
1916406,BW>[,1Qisaa,Isaiah,59,19,JBW>,W JJR>W M M<RB >T CM JHWH W M MZRX CMC >T KBWDJW KJ> JBW> K NHR YWR RWX JHWH NWSSH BWH,0 00000 0 0000 00 00 0000 0 0 0000 000 00 0000000 000 0000 0 000 000 000 0000 00000 0000 00,qal,impf,,,no complement,no complement,,,,,,,,,,,,,
1916412,NWS[,1Qisaa,Isaiah,59,19,NWSSH,W JJR>W M M<RB >T CM JHWH W M MZRX CMC >T KBWDJW KJ> JBW> K NHR YWR RWX JHWH NWSSH BWH,0 00000 0 0000 00 00 0000 0 0 0000 000 00 0000000 000 0000 0 000 000 000 0000 00000 0000 00,polel,perf,RWX JHWH NWSSH BWH,RWX JHWH,BWH,no complement,,0,,,,,,,,B,,,
232580,BW>[,MT,Isaiah,59,20,B>,W B> L YJWN GW>L W L CBJ PC< B J<QB N>M JHWH,,qal,perf,W B> L YJWN GW>L,,L YJWN,L YJWN==/,,0,prep,topo,inanim,det,nmpr,,,L,,,
232586,CWB[,MT,Isaiah,59,20,CBJ,W B> L YJWN GW>L W L CBJ PC< B J<QB N>M JHWH,,qal,ptca,,,no complement,L CWB[ PC</ B J<QB/,,,prep + prep,pers,anim,und,subs nmpr,,,,,,
1916416,BW>[,1Qisaa,Isaiah,59,20,B>,W B> >L YJWN GW>L W L CBJ PC< B J<QWB NW>M JHWH,0 00 00 0000 0000 0 0 000 000 0 00000 0000 0000 00,qal,perf,W B> >L YJWN GW>L,,>L YJWN,no complement,,0,,,,,,,,>L,,,
1916422,CWB[,1Qisaa,Isaiah,59,20,CBJ,W B> >L YJWN GW>L W L CBJ PC< B J<QWB NW>M JHWH,0 00 00 0000 0000 0 0 000 000 0 00000 0000 0000 00,qal,ptca,,,no complement,no complement,,,,,,,,,,,,,
232609,MWC[,MT,Isaiah,59,21,JMWCW,W >NJ Z>T BRJTJ >WTM >MR JHWH RWXJ >CR <LJK W DBRJ >CR FMTJ B PJK L> JMWCW M PJK W M PJ ZR<K W M PJ ZR< ZR<K >MR JHWH M <TH W <D <WLM,,qal,impf,RWXJ W DBRJ L> JMWCW M PJK W M PJ ZR<K W M PJ ZR< ZR<K M <TH W <D <WLM,RWXJ W DBRJ,M PJK W M PJ ZR<K W M PJ ZR< ZR<K,MN PH/ W MN PH/ ZR</ W MN PH/ ZR</ ZR</,,0,prep + prep + prep,,,det,subs subs subs subs subs subs,,,MN,MN,MN,
1916447,MWC[,1Qisaa,Isaiah,59,21,JMWCW,W >NJ ZW>T BRJTJ >TM >MR JHWH W RWXJ >CR <LJKH W DBRJ >CR FMTJ B PJKH LW> JMWCW M PJKH W M PJ ZR<KH W M PJ ZR< ZR<KH M <TH W <D <WLM,0 000 0000 000000 0000 000 0000 0 00000 000 000000 0 00000 000 0000 0 00000 000 00000 0 00000 0 0 00 000000 0 0 00 000 000000 0 000 0 00 0000 00,qal,impf,RWXJ W DBRJ LW> JMWCW M PJKH W M PJ ZR<KH W M PJ ZR< ZR<KH M <TH W <D <WLM,RWXJ W DBRJ,M PJKH W M PJ ZR<KH W M PJ ZR< ZR<KH,no complement,,0,,,,,,,,MN,MN,MN,
1925792,MWC[,1Q8,Isaiah,59,21,JMWC,W >NJ Z>T WTM >MR JHWH RWXJ >CR <LJK W DBRJ >CR FMTJ B PJK L> JMWC M PJK W M PJ ZR<K W M PJ ZR< ZR<K >MR JHWH M <TH W <D <WLM,0 000 000 11101000 000 0000 00000 000 00000 0 00000 000 0000 0 0000 00 00000 0 0000 0 0 00 00000 0 0 00 000 00000 000 0000 0 000 0 00 0000 00,qal,impf,RWXJ W DBRJ L> JMWC M PJK W M PJ ZR<K W M PJ ZR< ZR<K M <TH W <D <WLM,RWXJ W DBRJ,M PJK W M PJ ZR<K W M PJ ZR< ZR<K,no complement,,0,,,,,,,,MN,MN,MN,
232631,BW>[,MT,Isaiah,60,1,B>,QWMJ >WRJ KJ B> >WRK W KBWD JHWH <LJK ZRX,,qal,perf,KJ B> >WRK,>WRK,no complement,no complement,,,,,,,,,,,,,
1916468,BW>[,1Qisaa,Isaiah,60,1,B>,QWMJ >WRJ KJ> B> >WRK KBWD JHWH <LJKH ZRX,0000 0000 000 00 00000 0000 0000 000000 000 00,qal,perf,,,no complement,no complement,,,,,,,,,,,,,
1925815,BW>[,1Q8,Isaiah,60,1,B>,QWMJ >WRJ KJ B> >WRK W KBWD JHWH <LJK ZRX,0000 0000 00 00 00000 0 0000 0000 00000 000 00,qal,perf,,,no complement,no complement,,,,,,,,,,,,,
232656,HLK[,MT,Isaiah,60,3,HLKW,W HLKW GWJM L >WRK W MLKJM L NGH ZRXK,,qal,perf,W HLKW GWJM L >WRK,GWJM,L >WRK,L >WR/,,0,prep,,,det,subs,,,L,,,
1916494,HLK[,1Qisaa,Isaiah,60,3,HLKW,W HLKW GW>JM L >WRK W MLKJM L NGD ZRXK,0 0000 00000 0 00000 0 00000 0 000 00000 00,qal,perf,W HLKW GW>JM L >WRK,GW>JM,L >WRK,no complement,,0,,,,,,,,L,,,
1925843,HLK[,1Q8,Isaiah,60,3,HLKW,W HLKW GWJM L >WRK W MLKJM L NGH ZRXK,0 0000 0000 0 00000 0 00000 0 000 00000 00,qal,perf,W HLKW GWJM L >WRK,GWJM,L >WRK,L >WR/,,0,prep,,,det,subs,,,,,,
232672,BW>[,MT,Isaiah,60,4,B>W,F>J SBJB <JNJK W R>J KLM NQBYW B>W LK BNJK M RXWQ JB>W W BNTJK <L YD T>MNH,,qal,perf,B>W LK,,LK,L,,0,prep,,,det,,,,L,,,
232677,BW>[,MT,Isaiah,60,4,JB>W,F>J SBJB <JNJK W R>J KLM NQBYW B>W LK BNJK M RXWQ JB>W W BNTJK <L YD T>MNH,,qal,impf,BNJK M RXWQ JB>W,BNJK,M RXWQ,MN RXWQ/,,0,prep,,,und,,,,MN,,,
1916511,BW>[,1Qisaa,Isaiah,60,4,B>W,F>J SBJB <JNJK W R>J KWLMH NQBYW B>W LK BNJK M RXWQ JBW>W W BNWTJK <L YD T>MNH,000 0000 000000 0 000 000000 00000 000 000 00000 0 0000 00000 0 0000000 00 00 00000 00,qal,perf,B>W LK,,LK,no complement,,0,,,,,,,,L,,,
1916516,BW>[,1Qisaa,Isaiah,60,4,JBW>W,F>J SBJB <JNJK W R>J KWLMH NQBYW B>W LK BNJK M RXWQ JBW>W W BNWTJK <L YD T>MNH,000 0000 000000 0 000 000000 00000 000 000 00000 0 0000 00000 0 0000000 00 00 00000 00,qal,impf,BNJK M RXWQ JBW>W,BNJK,M RXWQ,no complement,,0,,,,,,,,MN,,,
1925860,BW>[,1Q8,Isaiah,60,4,B>W,F>J SBJB <JNJK W R>J KLM NQBYW B>W LK BNJK M RXWQ JB>W W BNTJK <L YD TNFJNH,000 0000 000000 0 000 0000 00000 000 000 00000 00 0000 0000 0 000000 00 00 000000 00,qal,perf,B>W LK,,LK,no complement,,0,,,,,,,,L,,,
1925865,BW>[,1Q8,Isaiah,60,4,JB>W,F>J SBJB <JNJK W R>J KLM NQBYW B>W LK BNJK M RXWQ JB>W W BNTJK <L YD TNFJNH,000 0000 000000 0 000 0000 00000 000 000 00000 00 0000 0000 0 000000 00 00 000000 00,qal,impf,BNJK M RXWQ JB>W,BNJK,M RXWQ,no complement,,0,,,,,,,,MN,,,
232699,BW>[,MT,Isaiah,60,5,JB>W,>Z TR>J W NHRT W PXD W RXB LBBK KJ JHPK <LJK HMWN JM XJL GWJM JB>W LK,,qal,impf,XJL GWJM JB>W LK,XJL GWJM,LK,L,,0,prep,,,det,,,,L,,,
1916537,BW>[,1Qisaa,Isaiah,60,5,JBW>W,>Z TR>J W NHR W RXB LBBK KJ> JHPK >LJK HMWN JM XJL GW>JM JBW>W LK,00 0000 0 000 0 000 00000 000 0000 00000 0000 00 000 00000 00000 000 00,qal,impf,XJL GW>JM JBW>W LK,XJL GW>JM,LK,no complement,,0,,,,,,,,L,,,
1925888,BW>[,1Q8,Isaiah,60,5,JBW>,>Z TR>J W NHRT W PXD W RXB LBBK KJ JHPK >LJK HMWN JM XJL GWJM JBW> LK,00 0000 0 0000 0 000 0 000 00000 00 0000 00000 0000 00 000 0000 0000 000 00,qal,impf,XJL GWJM JBW> LK,XJL GWJM,LK,no complement,,0,,,,,,,,L,,,
232711,BW>[,MT,Isaiah,60,6,JB>W,CP<T GMLJM TKSK BKRJ MDJN W <JPH KLM M CB> JB>W ZHB W LBWNH JF>W W THLT JHWH JBFRW,,qal,impf,KLM M CB> JB>W,KLM,M CB>,MN CB>/,,0,prep,topo,inanim,det,nmpr,,,MN,,,
1916550,BW>[,1Qisaa,Isaiah,60,6,JBW>W,CP<T GMLJM TKSK BKRJ MDJM W <JPW KWLM M CB>W JBW>W ZHB W LBWNH JF>W W THLT JHWH JBFRW,0000 00000 00000 0000 0000 0 0000 00000 0 0000 00000 000 0 00000 0000 0 0000 0000 00000 00,qal,impf,KWLM M CB>W JBW>W,KWLM,M CB>W,MN CB>/,,0,prep,topo,inanim,det,nmpr,,,MN,,,
1925901,BW>[,1Q8,Isaiah,60,6,JB>W,CP<T GMLJM TKSK BKRJ MDJN W <JPH KLM M CB> JB>W ZHB W LBNH JF>W W THLT JHWH JBFRWN,0000 00000 00000 0000 0000 0 0000 0000 0 000 0000 000 0 0000 0000 0 0000 0000 0000000 00,qal,impf,KWLM M CB>W JBW>W,KWLM,M CB>W,MN CB>/,,0,prep,topo,inanim,det,nmpr,,,MN,,,
232728,<LH[,MT,Isaiah,60,7,J<LW,KL Y>N QDR JQBYW LK >JLJ NBJWT JCRTWNK J<LW <L RYWN MZBXJ W BJT TP>RTJ >P>R,,qal,impf,J<LW <L RYWN MZBXJ,,MZBXJ,MZBX/,,0,vc,,,det,subs,,,,,,
1916569,<LH[,1Qisaa,Isaiah,60,7,J<LW,KWL YW>N QDR JQBYW LK >JLJ NB>WT JCRTWNK W J<LW L RYWN <L MZBXJ W BJT TP>RTJ >P>R,000 0000 000 00000 000 0000 00000 000000000 0 0000 0 0000 00 000000 0 000 0000000 0000 00,hifil,impf,W J<LW L RYWN <L MZBXJ,,<L MZBXJ,no complement,,0,,,,,,,,<L,,,
1925919,<LH[,1Q8,Isaiah,60,7,J<LW,KL Y>N QDR JQBYW LK >JLJ NBJWT JCRTWNK J<LW RYWN MZBXJ W BJT TP>RTJ >P>R,00 000 000 00000 000 0000 00000 000000000 0000 0000 000000 0 000 0000000 0000 00,hifil,impf,J<LW RYWN MZBXJ,,MZBXJ,no complement,,0,,,,,,,,,,,
232741,<WP[,MT,Isaiah,60,8,T<WPJNH,MJ >LH K <B T<WPJNH W K JWNJM >L >RBTJHM,,qal,impf,K <B T<WPJNH,,no complement,no complement,,,,,,,,,,,,,
1916583,<WP[,1Qisaa,Isaiah,60,8,T<WPPNH,MJ> >LH K <B T<WPPNH W K JWNJM >L >RBWTJHMH,000 000 0 00 0000000 0 0 00000 00 0000000000 00,polel,impf,,,no complement,no complement,,,,,,,,,,,,,
1925931,<WP[,1Q8,Isaiah,60,8,T<PJNH,MJ >LH K <B T<PJNH W K JWNJM <L >RBTJHM,00 000 0 00 000000 0 0 00000 00 00000000 00,qal,impf,,,no complement,no complement,,,,,,,,,,,,,
232759,BW>[,MT,Isaiah,60,9,HBJ>,KJ LJ >JJM JQWW W >NJWT TRCJC B R>CNH L HBJ> BNJK M RXWQ KSPM W ZHBM >TM L CM JHWH >LHJK W L QDWC JFR>L KJ P>RK,,hif,infc,L HBJ> BNJK M RXWQ,,M RXWQ,MN RXWQ/,,0,prep,,,und,,,,MN,,,
1916600,BW>[,1Qisaa,Isaiah,60,9,HBJ>,KJ> LJ> >JJM JQWW W >NJWT TRCJC B RJCWNH L HBJ> BNJ M RXWQ KSPM W ZHBM >TM L CM JHWH >LWHJK W L QDWC JFR>L KJ> P>RK,000 0000 0000 0000 0 00000 00000 0 000000 0 0000 0000 0 0000 00000 0 00000 0000 0 00 0000 0000000 0 0 0000 00000 000 00000 00,hifil,infc,L HBJ> BNJ M RXWQ,,M RXWQ,no complement,,0,,,,,,,,MN,,,
1925948,BW>[,1Q8,Isaiah,60,9,HBJ>,KJ LJ >JJM JQWW W >NJWT TRCJC B R>CNH L HBJ> BNJK M RXWQ KSPM W ZHBM >TM L CM JHWH >LHJK W L QDWC JFR>L KJ P>RK,00 000 0000 0000 0 00000 00000 0 00000 0 0000 00000 0 0000 00000 0 00000 0000 0 00 0000 000000 0 0 0000 00000 00 00000 00,hifil,infc,L HBJ> BNJK M RXWQ,,M RXWQ,no complement,,0,,,,,,,,MN,,,
232803,BW>[,MT,Isaiah,60,11,HBJ>,W PTXW C<RJK TMJD JWMM W LJLH L> JSGRW L HBJ> >LJK XJL GWJM W MLKJHM NHWGJM,,hif,infc,L HBJ> >LJK XJL GWJM,,>LJK,>L,,0,prep,,,det,,,,>L,,,
1916647,BW>[,1Qisaa,Isaiah,60,11,HBJ>,W PTXW C<RJK TMJD JWMM W LJLH W LW> JSGRW L HBJ> >LJK XJL GW>JM W MLKJHMH NHWGJM,0 0000 000000 0000 0000 0 0000 0 000 00000 0 0000 00000 000 00000 0 00000000 000000 00,hifil,infc,L HBJ> >LJK XJL GW>JM,, >LJK,no complement,,0,,,,,,,, >L,,,
1925994,BW>[,1Q8,Isaiah,60,11,HBJ>,W PTXW C<RJK TMJD JWMM W LJLH L> JSGRW L HBJ> >LJK XJL GWJM W MLKJHM NHWGJM,0 0000 000000 0000 0000 0 0000 00 00000 0 0000 00000 000 0000 0 0000000 000000 00,hifil,infc,L HBJ> >LJK XJL GWJM,,>LJK,>L,,0,prep,,,det,,,,>L,,,
232829,BW>[,MT,Isaiah,60,13,JBW>,KBWD H LBNWN >LJK JBW> BRWC TDHR W T>CWR JXDW L P>R MQWM MQDCJ W MQWM RGLJ >KBD,,qal,impf,KBWD H LBNWN >LJK JBW> BRWC TDHR W T>CWR JXDW,KBWD H LBNWN BRWC TDHR W T>CWR JXDW,>LJK,>L,,0,prep,,,det,,,,>L,,,
1916678,BW>[,1Qisaa,Isaiah,60,13,JBW>,KBWD H LBNWN NTN LK W >LJK JBW> BRWC W THRHR W T>CWR JXDJW L P>R MQWM MQDCJ W MQWM RGLJ >KBD,0000 0 00000 000 000 0 00000 0000 0000 0 00000 0 00000 00000 0 000 0000 000000 0 0000 00000 0000 00,qal,impf,KBWD H LBNWN NTN LK W >LJK JBW> BRWC W THRHR W T>CWR JXDJW,KBWD H LBNWN BRWC W THRHR W T>CWR JXDJW,>LJK ,no complement,,0,,,,,,,,>L,,,
1926022,BW>[,1Q8,Isaiah,60,13,JBW>,KBWD H LBNWN >LJK JBW> BR>C TRHR W T>CWR JXDJW L P>R MQWM MQDCJ W MQWM RGLJ >KBD,0000 0 00000 00000 0000 0000 0000 0 00000 00000 0 000 0000 000000 0 0000 00000 0000 00,qal,impf,KBWD H LBNWN >LJK JBW> BR>C TRHR W T>CWR JXDJW,KBWD H LBNWN >LJK JBW> BR>C TRHR W T>CWR JXDJW,>LJK,>L,,0,prep,,,det,,,,,,,
232844,HLK[,MT,Isaiah,60,14,HLKW,W HLKW >LJK CXWX BNJ M<NJK W HCTXWW <L KPWT RGLJK KL MN>YJK W QR>W LK <JR JHWH YJWN QDWC JFR>L,,qal,perf,W HLKW >LJK BNJ M<NJK,BNJ M<NJK,>LJK,>L,,0,prep,,,det,,,,>L,,,
1916695,HLK[,1Qisaa,Isaiah,60,14,>HLKW,W >HLKW >LJK CXWX KWL BNJ MN<YJK M<NJK W HCTXWW <L KPWT RGLJK KWL MN>YJK W QR>W LK <JR JHWH YJWN QDWC JFR>L,0 00000 00000 0000 000 000 0000000 000000 0 000000 00 0000 000000 000 0000000 0 0000 000 000 0000 0000 0000 00000 00,qal,perf,W >HLKW >LJK KWL BNJ MN<YJK,BNJ MN<YJK,>LJK,no complement,,0,,,,,,,,>L,,,
1926038,HLK[,1Q8,Isaiah,60,14,HLKW,W HLKW >LJK CXWX KL BNJ M<NJK W HCTXWW <L KPWT RGLJK KL MN>YJK W QR>W LK <JR JHWH YJWN QDWC JFR>L,0 0000 00000 0000 00 000 000000 0 000000 00 0000 000000 00 0000000 0 0000 000 000 0000 0000 0000 00000 00,qal,perf,W HLKW >LJK KL BNJ M<NJK,BNJ M<NJK,>LJK,no complement,,0,,,,,,,,>L,,,
232871,<BR[,MT,Isaiah,60,15,<WBR,TXT HJWTK <ZWBH W FNW>H W >JN <WBR W FMTJK L G>WN <WLM MFWF DWR W DWR,,qal,ptca,W >JN <WBR,,no complement,no complement,,,,,,,,,,,,,
1916725,<BR[,1Qisaa,Isaiah,60,15,<WBR,TXT HJJWTK <ZWBH W FNW>H W >JN <WBR W FMTJK L G>WN <WLM MFWF DWR W DWR,000 0000000 00000 0 00000 0 000 0000 0 000000 0 0000 0000 0000 000 0 000 00,qal,ptca,W >JN <WBR,,no complement,no complement,,,,,,,,,,,,,
1926067,<BR[,1Q8,Isaiah,60,15,<WBR,TXT HJWTK <ZWBH W FNW>H W >JN <WBR W FMTJK L G>WN <WLM MFWF DWR W DWR,000 000000 00000 0 00000 0 000 0000 0 000000 0 0000 0000 0000 000 0 000 00,qal,ptca,W >JN <WBR,,no complement,no complement,,,,,,,,,,,,,
232902,BW>[,MT,Isaiah,60,17,>BJ>,TXT H NXCT >BJ> ZHB W TXT H BRZL >BJ> KSP W TXT H <YJM NXCT W TXT H >BNJM BRZL W FMTJ PQDTK CLWM W NGFJK YDQH,,hif,impf,TXT H NXCT >BJ> ZHB,,no complement,no complement,,,,,,,,,,,,,
232908,BW>[,MT,Isaiah,60,17,>BJ>,TXT H NXCT >BJ> ZHB W TXT H BRZL >BJ> KSP W TXT H <YJM NXCT W TXT H >BNJM BRZL W FMTJ PQDTK CLWM W NGFJK YDQH,,hif,impf,W TXT H BRZL >BJ> KSP,,no complement,no complement,,,,,,,,,,,,,
1916758,BW>[,1Qisaa,Isaiah,60,17,>BJ>,TXT H NXWCT >BJ> ZHB W TXT H BRZL >BJ> KSP W TXT H <YJM NXWCT W TXT H >BNJM BRZL W FMTJ PQWDTK CLWM W NWGFJK YDQH,000 0 00000 0000 000 0 000 0 0000 0000 000 0 000 0 0000 00000 0 000 0 00000 0000 0 0000 0000000 0000 0 0000000 0000 00,hifil,impf,,,no complement,no complement,,,,,,,,,,,,,
1916764,BW>[,1Qisaa,Isaiah,60,17,>BJ>,TXT H NXWCT >BJ> ZHB W TXT H BRZL >BJ> KSP W TXT H <YJM NXWCT W TXT H >BNJM BRZL W FMTJ PQWDTK CLWM W NWGFJK YDQH,000 0 00000 0000 000 0 000 0 0000 0000 000 0 000 0 0000 00000 0 000 0 00000 0000 0 0000 0000000 0000 0 0000000 0000 00,hifil,impf,,,no complement,no complement,,,,,,,,,,,,,
1926100,BW>[,1Q8,Isaiah,60,17,>BJ>,TXT H NXCT >BJ> ZHB W TXT H BRZL >BJ> KSP W TXT H <YJM NXCT W TXT H >BNJM BRZL W FMTJ PQDTK CLWM W NGFJK YDQH,000 0 0000 0000 000 0 000 0 0000 0000 000 0 000 0 0000 0000 0 000 0 00000 0000 0 0000 000000 0000 0 000000 0000 00,hifil,impf,,,no complement,no complement,,,,,,,,,,,,,
1926106,BW>[,1Q8,Isaiah,60,17,>BJ>,TXT H NXCT >BJ> ZHB W TXT H BRZL >BJ> KSP W TXT H <YJM NXCT W TXT H >BNJM BRZL W FMTJ PQDTK CLWM W NGFJK YDQH,000 0 0000 0000 000 0 000 0 0000 0000 000 0 000 0 0000 0000 0 000 0 00000 0000 0 0000 000000 0000 0 000000 0000 00,hifil,impf,,,no complement,no complement,,,,,,,,,,,,,
232974,BW>[,MT,Isaiah,60,20,JBW>,L> JBW> <WD CMCK W JRXK L> J>SP KJ JHWH JHJH LK L >WR <WLM W CLMW JMJ >BLK,,qal,impf,L> JBW> <WD CMCK,CMCK,no complement,no complement,,,,,,,,,,,,,
1916837,BW>[,1Qisaa,Isaiah,60,20,JBW>,LW> JBW> CMCK W JRXK LW> J>SP KJ> JHWH JHJH LK L >WR <WLM W CLMW JMJ >BLK,000 0000 00000 0 00000 000 0000 000 0000 0000 000 0 000 0000 0 0000 000 00000 00,qal,impf,,,no complement,no complement,,,,,,,,,,,,,
233021,XWC[,MT,Isaiah,60,22,>XJCNH,H QVN JHJH L >LP W H Y<JR L GWJ <YWM >NJ JHWH B <TH >XJCNH,,hif,impf,>NJ JHWH B <TH >XJCNH,>NJ JHWH,no complement,no complement,,,,,,,,,,,,,
1916886,XWC[,1Qisaa,Isaiah,60,22,>XJCNH,H QVN JHJH L >LP W H Y<JR L GWJ <YWM >NJ JHWH B <TH >XJCNH,0 000 0000 0 000 0 0 0000 0 000 0000 000 0000 0 0000 0000000 00,hifil,impf,>NJ JHWH B <TH >XJCNH,>NJ JHWH,no complement,no complement,,,,,,,,,,,,,
1926204,XWC[,1Q8,Isaiah,60,22,>XJCNH,H QVN JHJH L >LP W H Y<JR L GWJ <YWM >NJ JHWH B <TH >XJCNH,0 000 0000 0 000 0 0 0000 0 000 0000 000 0000 0 0000 0000000 00,hifil,impf,>NJ JHWH B <TH >XJCNH,>NJ JHWH,no complement,no complement,,,,,,,,,,,,,
233221,JY>[,MT,Isaiah,61,11,TWYJ>,KJ K >RY TWYJ> YMXH W K GNH ZRW<JH TYMJX KN >DNJ JHWH JYMJX YDQH W THLH NGD KL H GWJM,,hif,impf,TWYJ> YMXH,,no complement,no complement,,,,,,,,,,,,,
1917097,JY>[,1Qisaa,Isaiah,61,11,TWYJ>,KJ> K >RY TWYJ> YMXH W K GNH ZRW<JH TYMJX KN JHWH >LWHJM JYMJX YDQH W THLH NGD KWL H GW>JM,000 0 000 00000 00000 0 0 000 0000000 00000 00 0000 000000 00000 0000 0 0000 000 000 0 00000 00,hifil,impf,,,no complement,no complement,,,,,,,,,,,,,
233249,JY>[,MT,Isaiah,62,1,JY>,LM<N YJWN L> >XCH W LM<N JRWCLM L> >CQWV <D JY> K NGH YDQH W JCW<TH K LPJD JB<R,,qal,impf,<D JY> K NGH YDQH,YDQH,no complement,no complement,,,,,,,,,,,,,
1917127,JY>[,1Qisaa,Isaiah,62,1,JY>,LM<N YJWN W LW> >XRJC W LM<N JRWCLJM LW> >CQWV <D JY> K NWGH YDQH W JCW<TH K LPJD TB<R,0000 0000 0 000 00000 0 0000 0000000 000 00000 00 000 0 0000 00000 0 0000000 0 0000 0000 00,qal,impf,,,no complement,no complement,,,,,,,,,,,,,
233408,<BR[,MT,Isaiah,62,10,<BRW,<BRW <BRW B C<RJM PNW DRK H <M SLW SLW H MSLH SQLW M >BN HRJMW NS <L H <MJM,,qal,impv,<BRW B C<RJM,,B C<RJM,B H C<R/,,0,prep,,,det,subs,,,B,,,
233407,<BR[,MT,Isaiah,62,10,<BRW,<BRW <BRW B C<RJM PNW DRK H <M SLW SLW H MSLH SQLW M >BN HRJMW NS <L H <MJM,,qal,impv,<BRW,,no complement,no complement,,,,,,,,,,,,,
233412,PNH[,MT,Isaiah,62,10,PNW,<BRW <BRW B C<RJM PNW DRK H <M SLW SLW H MSLH SQLW M >BN HRJMW NS <L H <MJM,,piel,impv,PNW DRK H <M,,no complement,no complement,,,,,,,,,,,,,
1917298,<BR[,1Qisaa,Isaiah,62,10,<BWRW,<BWRW B C<RJM PNW DRK H <M SWLW SWLW H MSLH SQWLW M >BN H NGP >MWRW B <MJM,00000 0 00000 000 000 0 00 0000 0000 0 0000 00000 0 000 0 000 00000 0 0000 00,qal,impv,<BWRW B C<RJM,,B C<RJM,no complement,,0,,,,,,,,B,,,
1917301,PNH[,1Qisaa,Isaiah,62,10,PNW,<BWRW B C<RJM PNW DRK H <M SWLW SWLW H MSLH SQWLW M >BN H NGP >MWRW B <MJM,00000 0 00000 000 000 0 00 0000 0000 0 0000 00000 0 000 0 000 00000 0 0000 00,piel,impv,,,no complement,no complement,,,,,,,,,,,,,
1926408,<BR[,1Q8,Isaiah,62,10,<BRW,<BRW <BRW B C<RJM PNW DRK H <M SLW SLW H MSLH SQLW >BN HRJMW NS <L H <MJM,0000 0000 0 00000 000 000 0 00 000 000 0 0000 0000 000 00000 00 00 0 0000 00,qal,impv,,,no complement,no complement,,,,,,,,,,,,,
1926409,<BR[,1Q8,Isaiah,62,10,<BRW,<BRW <BRW B C<RJM PNW DRK H <M SLW SLW H MSLH SQLW >BN HRJMW NS <L H <MJM,0000 0000 0 00000 000 000 0 00 000 000 0 0000 0000 000 00000 00 00 0 0000 00,qal,impv,<BRW B C<RJM,,B C<RJM,no complement,,0,,,,,,,,B,,,
1926412,PNH[,1Q8,Isaiah,62,10,PNW,<BRW <BRW B C<RJM PNW DRK H <M SLW SLW H MSLH SQLW >BN HRJMW NS <L H <MJM,0000 0000 0 00000 000 000 0 00 000 000 0 0000 0000 000 00000 00 00 0 0000 00,piel,impv,,,no complement,no complement,,,,,,,,,,,,,
233441,BW>[,MT,Isaiah,62,11,B>,HNH JHWH HCMJ< >L QYH H >RY >MRW L BT YJWN HNH JC<K B> HNH FKRW >TW W P<LTW L PNJW,,qal,perf,HNH JC<K B>,JC<K,no complement,no complement,,,,,,,,,,,,,
1917331,BW>[,1Qisaa,Isaiah,62,11,B>,HNH JHWH HCMJ<W >L QYWJ H >RY >MWRW L BT YJWN HNH JC<K B> HNH FKRW >TW W P<LTJW L PNJW,000 0000 000000 00 0000 0 000 00000 0 00 0000 000 00000 00 000 00000 0000 0 0000000 0 00000 00,qal,ptca,,,no complement,no complement,,,,,,,,,,,,,
1926441,BW>[,1Q8,Isaiah,62,11,B>,HNH JHWH HCMJ< >L QYH H >RY >MRW L BT YJWN HNH JC<K B> HNH FKRW >TW W P<LTW L PNJW,000 0000 00000 00 000 0 000 0000 0 00 0000 000 00000 00 000 00000 0000 0 000000 0 00000 00,qal,ptca,,,no complement,no complement,,,,,,,,,,,,,
233466,BW>[,MT,Isaiah,63,1,B>,MJ ZH B> M >DWM XMWY BGDJM M BYRH ZH HDWR B LBWCW Y<H B RB KXW >NJ MDBR B YDQH RB L HWCJ<,,qal,ptca,MJ ZH B> M >DWM XMWY BGDJM M BYRH,MJ ZH,M >DWM,MN >DWM/,,0,prep,topo,inanim,det,nmpr,,,MN,,,
1917358,BW>[,1Qisaa,Isaiah,63,1,B>,MJ> ZH B> M >DWM XMWY BGDJM M BWYRH ZH HDR B LBWCW YW<H B RWB KWXWH >NJ MDBR B <DQH RB L HWCJ<,000 00 00 0 0000 0000 00000 0 00000 00 000 0 000000 0000 0 000 000000 000 0000 0 0000 00 0 00000 00,qal,ptca,MJ> ZH B> M >DWM XMWY BGDJM M BWYRH,MJ> ZH,M >DWM,MN >DWM/,,0,prep,topo,inanim,det,nmpr,,,MN,,,
1926468,BW>[,1Q8,Isaiah,63,1,B>,MJ ZH B> M >DWM XMWY BGDJM M BYRH ZH HDWR B LBWCW Y<H B RB KXW >NJ MDBR B YDQ RB L HWCJ<,00 00 00 0 0000 0000 00000 0 0000 00 0000 0 000000 000 0 00 0000 000 0000 0 000 00 0 00000 00,qal,ptca,MJ> ZH B> M >DWM XMWY BGDJM M BWYRH,MJ> ZH,M >DWM,no complement,,0,,,,,,,,MN,,,
233533,BW>[,MT,Isaiah,63,4,B>H,KJ JWM NQM B LBJ W CNT G>WLJ B>H,,qal,perf,W CNT G>WLJ B>H,CNT G>WLJ,no complement,no complement,,,,,,,,,,,,,
1917415,BW>[,1Qisaa,Isaiah,63,4,B>H,KJ> JWM NQM B LBJ W CNT G>WLJ B>H,000 000 000 0 0000 0 000 000000 000 00,qal,perf,W CNT G>WLJ B>H,CNT G>WLJ,no complement,no complement,,,,,,,,,,,,,
1926538,BW>[,1Q8,Isaiah,63,4,B>H,KJ JWM NQM B LBJ W CNT G>WLJ B>H,00 000 000 0 0000 0 000 000000 000 00,qal,perf,W CNT G>WLJ B>H,CNT G>WLJ,no complement,no complement,,,,,,,,,,,,,
233562,JRD[,MT,Isaiah,63,6,>WRJD,W >BWS <MJM B >PJ W >CKRM B XMTJ W >WRJD L >RY NYXM,,hif,impf,W >WRJD L >RY NYXM,,L >RY,L H >RY/,,0,prep,,,det,subs,,,L,,,
1917446,JRD[,1Qisaa,Isaiah,63,6,>WRJDH,W >BWSH <MJM B >PJ> W >CKJRMH B XMTJ W >WRJDH L >RY NYXM,0 00000 0000 0 00000 0 00000000 0 00000 0 000000 0 000 00000 00,hifil,impf,W >WRJDH L >RY NYXM,,L >RY,no complement,,0,,,,,,,,L,,,
1926569,JRD[,1Q8,Isaiah,63,6,>RJDH,W >BWSH <MJM B >PJ W >CKJRM B XMTJ W >RJDH L >RY NYXM,0 00000 0000 0 0000 0 0000000 0 00000 0 00000 0 000 00000 00,hifil,impf,W >RJDH L >RY NYXM,,L >RY,no complement,,0,,,,,,,,L,,,
233652,<LH[,MT,Isaiah,63,11,M<LM,W JZKR JMJ <WLM MCH <MW >JH H M<LM M JM >T R<J Y>NW >JH H FM B QRBW >T RWX QDCW,,hif,ptca,H M<LM M JM >T R<J Y>NW,,M JM,MN JM/,,0,prep,,,und,subs,,,MN,,,
1917541,<LH[,1Qisaa,Isaiah,63,11,M<LH,W JZKWR JMJ <WLM MWCH <MW> >JH H M<LH M JM >T RW<J YW>WNW >JH H FM B QRBW >T RWX QWDCW,0 00000 000 0000 0000 00000 000 0 0000 0 00 00 0000 0000000 000 0 00 0 00000 00 000 000000 00,hifil,ptca,H M<LH M JM >T RW<J YW>WNW,,M JM,MN JM/,,0,prep,,,und,subs,,,MN,,,
1926663,<LH[,1Q8,Isaiah,63,11,M<LM,W JZKR JMJ <WLM MCH <MW >JH H M<LM M JM >T R<J Y>NW >JH H FM B QRBW >T RWX QDCW,0 0000 000 0000 000 0000 000 0 00000 0 00 00 000 00000 000 0 00 0 00000 00 000 00000 00,hifil,ptca,H M<LH M JM >T RW<J YW>WNW,,M JM,MN JM/,,0,prep,,,und,subs,,,MN,,,
233666,HLK[,MT,Isaiah,63,12,MWLJK,MWLJK L JMJN MCH ZRW< TP>RTW BWQ< MJM M PNJHM L <FWT LW CM <WLM,,hif,ptca,MWLJK L JMJN MCH ZRW< TP>RTW,,no complement,no complement,,,,,,,,,,,,,
1917557,HLK[,1Qisaa,Isaiah,63,12,MWLJK,W MWLJK L JMJN MWCH ZRW< TP>RTJW BWQ< MJM M PNJHMH L <FWT CM <WLM,0 00000 0 0000 0000 0000 00000000 0000 000 0 0000000 0 0000 00 0000 00,hifil,ptca,,,no complement,no complement,,,,,,,,,,,,,
1926678,HLK[,1Q8,Isaiah,63,12,MWLJK,MWLJK L JMJN MCH ZRW< TP>RTW BWQ< MJM M PNJHM L <FWT LW CM <WLM,00000 0 0000 000 0000 0000000 0000 000 0 000000 0 0000 000 00 0000 00,hifil,ptca,,,no complement,no complement,,,,,,,,,,,,,
233681,HLK[,MT,Isaiah,63,13,MWLJKM,MWLJKM B THMWT K SWS B MDBR L> JKCLW,,hif,ptca,MWLJKM B THMWT,,B THMWT,B H THWM/,,0,prep,,,det,subs,,,B,,,
1917572,HLK[,1Qisaa,Isaiah,63,13,MWLJKM,MWLJKM B TWMWT K SWS B MDJBR LW> JKCLW,0000000 0 00000 0 000 0 00000 000 00000 00,hifil,ptca,MWLJKM B TWMWT,,B TWMWT,no complement,,0,,,,,,,,B,,,
1926694,HLK[,1Q8,Isaiah,63,13,MWLJKM,MWLJKM B THMWT K SWS B MDBR L> JKCLW,0000000 0 00000 0 000 0 0000 00 00000 00,hifil,ptca,MWLJKM B THMWT,,B THMWT,no complement,,0,,,,,,,,B,,,
233699,JRD[,MT,Isaiah,63,14,TRD,K BHMH B BQ<H TRD RWX JHWH TNJXNW KN NHGT <MK L <FWT LK CM TP>RT,,qal,impf,B BQ<H TRD,,B BQ<H,B H BQ<H/,,0,prep,,,det,subs,,,B,,,
233702,NWX[,MT,Isaiah,63,14,TNJXNW,K BHMH B BQ<H TRD RWX JHWH TNJXNW KN NHGT <MK L <FWT LK CM TP>RT,,hif,impf,K BHMH RWX JHWH TNJXNW,RWX JHWH,no complement,no complement,,,,,,,,,,,,,
1917586,JRD[,1Qisaa,Isaiah,63,14,TRD,K BHMH B BQ<H TRD RWX JHWH TNJXNW KJ> NHGTH <MKH L <FWT LKH CM TP>RT,0 0000 0 0000 000 000 0000 0000000 000 00000 00000 0 0000 0000 00 00000 00,qal,impf,B BQ<H TRD,,B BQ<H,no complement,,0,,,,,,,,B,,,
1917589,NWX[,1Qisaa,Isaiah,63,14,TNJXNW,K BHMH B BQ<H TRD RWX JHWH TNJXNW KJ> NHGTH <MKH L <FWT LKH CM TP>RT,0 0000 0 0000 000 000 0000 0000000 000 00000 00000 0 0000 0000 00 00000 00,hifil,impf,,,no complement,no complement,,,,,,,,,,,,,
1926708,JRD[,1Q8,Isaiah,63,14,TRD,K BHMH B BQ<H TRD RWX JHWH TNJXNW KN NHGT <MK L <FWT LK CM TP>RT,0 0000 0 0000 000 000 0000 0000000 00 0000 0000 0 0000 000 00 00000 00,qal,impf,B BQ<H TRD,,B BQ<H,no complement,,0,,,,,,,,B,,,
1926711,NWX[,1Q8,Isaiah,63,14,TNJXNW,K BHMH B BQ<H TRD RWX JHWH TNJXNW KN NHGT <MK L <FWT LK CM TP>RT,0 0000 0 0000 000 000 0000 0000000 00 0000 0000 0 0000 000 00 00000 00,hifil,impf,,,no complement,no complement,,,,,,,,,,,,,
233750,T<H[,MT,Isaiah,63,17,TT<NW,LMH TT<NW JHWH M DRKJK TQCJX LBNW M JR>TK CWB LM<N <BDJK CBVJ NXLTK,,hif,impf,LMH TT<NW M DRKJK,,M DRKJK,MN DRK/,,0,prep,,,det,subs,,,MN,,,
233758,CWB[,MT,Isaiah,63,17,CWB,LMH TT<NW JHWH M DRKJK TQCJX LBNW M JR>TK CWB LM<N <BDJK CBVJ NXLTK,,qal,impv,CWB LM<N <BDJK CBVJ NXLTK,,no complement,no complement,,,,,,,,,,,,,
1917643,T<H[,1Qisaa,Isaiah,63,17,TT<NW,LMH JHWH TT<NW M DRKJKH TQCJX LBNW M JR>TK CWB LM<N <BDJK CBV NXLTK,000 0000 000000 0 0000000 00000 00000 0 000000 000 0000 000000 000 000000 00,hifil,impf,LMH JHWH TT<NW M DRKJKH,,M DRKJKH,no complement,,0,,,,,,,,MN,,,
1917650,CWB[,1Qisaa,Isaiah,63,17,CWB,LMH JHWH TT<NW M DRKJKH TQCJX LBNW M JR>TK CWB LM<N <BDJK CBV NXLTK,000 0000 000000 0 0000000 00000 00000 0 000000 000 0000 000000 000 000000 00,qal,impv,,,no complement,no complement,,,,,,,,,,,,,
1926762,T<H[,1Q8,Isaiah,63,17,TT<NW,LMH TT<NW JHWH M DRKJK TQCJX LBNW M JR>TK CWB LM<N <BDJK CBVJ NXLTK,000 000000 0000 0 000000 00000 00000 0 000000 000 0000 000000 0000 000000 00,hifil,impf,LMH TT<NW JHWH M DRKJK,,M DRKJK,MN DRK/,,0,prep,,,det,subs,,,MN,,,
1926770,CWB[,1Q8,Isaiah,63,17,CWB,LMH TT<NW JHWH M DRKJK TQCJX LBNW M JR>TK CWB LM<N <BDJK CBVJ NXLTK,000 000000 0000 0 000000 00000 00000 0 000000 000 0000 000000 0000 000000 00,qal,impv,,,no complement,no complement,,,,,,,,,,,,,
233785,JRD[,MT,Isaiah,63,19,JRDT,HJJNW M <WLM L> MCLT BM L> NQR> CMK <LJHM LW> QR<T CMJM JRDT M PNJK HRJM NZLW,,qal,perf,JRDT,,no complement,no complement,,,,,,,,,,,,,
1917679,JRD[,1Qisaa,Isaiah,63,19,JRDTH,HWJNW M <WLM LW> MCLTH BM LW> NQR> CMKH <LJHMH LW> QR<TH CMJM W JRDTH M PNJKH HRJM NZLW,00000 0 0000 000 00000 000 000 0000 00000 0000000 000 00000 0000 0 00000 0 000000 0000 0000 00,qal,perf,,,no complement,no complement,,,,,,,,,,,,,
1926798,JRD[,1Q8,Isaiah,63,19,JRDT,HJJNW M <WLM L> MCLT BM L> NQR> CMK <LJHM LW> QR<T CMJM JRDT M PNJK HRJM NZLW,00000 0 0000 00 0000 000 00 0000 0000 000000 000 0000 0000 0000 0 00000 0000 0000 00,qal,perf,,,no complement,no complement,,,,,,,,,,,,,
233811,JRD[,MT,Isaiah,64,2,JRDT,B <FWTK NWR>WT L> NQWH JRDT M PNJK HRJM NZLW,,qal,perf,JRDT,,no complement,no complement,,,,,,,,,,,,,
1917709,JRD[,1Qisaa,Isaiah,64,2,JRDTH,B <FWTKH NWR>WT NQWH JRDTH M PNJKH HRJM NZLW,0 0000000 000000 0000 00000 0 000000 0000 0000 00,qal,perf,,,no complement,no complement,,,,,,,,,,,,,
1926826,JRD[,1Q8,Isaiah,64,2,JRDT,B <FWTK NWR>WT L> NQWH JRDT M PNJK HRJM NZLW,0 000000 000000 00 0000 0000 0 00000 0000 0000 00,qal,perf,,,no complement,no complement,,,,,,,,,,,,,
233985,HLK[,MT,Isaiah,65,2,HLKJM,PRFTJ JDJ KL H JWM >L <M SWRR H HLKJM H DRK L> VWB >XR MXCBTJHM,,qal,ptca,H HLKJM H DRK >XR MXCBTJHM,,>XR MXCBTJHM,>XR/ MXCBH/,,0,vc,,,det,subs subs,,,,,,
1917892,HLK[,1Qisaa,Isaiah,65,2,HWLKJM,PRFTJ JDJ KWL H JWM >L <M SWRH H HWLKJM H DRK LW> VWB >XR MXCBWTJHMH,00000 0000 000 0 000 00 00 0000 0 000000 0 000 000 000 000 00000000000 00,qal,ptca,H HWLKJM H DRK LW> VWB >XR MXCBWTJHMH,,>XR MXCBWTJHMH,>XR/ MXCBH/,,0,vc,,,det,subs subs,,,,,,
234030,QRB[,MT,Isaiah,65,5,QRB,H >MRJM QRB >LJK >L TGC BJ KJ QDCTJK >LH <CN B >PJ >C JQDT KL H JWM,,qal,impv,QRB >LJK,,>LJK,>L,,0,prep,,,det,,,,>L,,,
234033,NGC[,MT,Isaiah,65,5,TGC,H >MRJM QRB >LJK >L TGC BJ KJ QDCTJK >LH <CN B >PJ >C JQDT KL H JWM,,qal,impf,>L TGC BJ,,BJ,B,,0,prep,,,det,,,,B,,,
1917940,QRB[,1Qisaa,Isaiah,65,5,QRB,H >WMRJM QRB >LJKH >L TG< BJ> QDCTJKH >LH <CN B >PJ >C JWQDT KWL H JWM,0 000000 000 000000 00 000 0000 00000000 000 000 0 0000 00 00000 000 0 000 00,qal,impv,QRB >LJKH,,>LJKH,no complement,,0,,,,,,,,>L,,,
234110,JY>[,MT,Isaiah,65,9,HWY>TJ,W HWY>TJ M J<QB ZR< W M JHWDH JWRC HRJ W JRCWH BXJRJ W <BDJ JCKNW CMH,,hif,perf,W HWY>TJ M J<QB ZR<,,M J<QB,MN J<QB/,,0,prep,pers,anim,det,nmpr,,,MN,,,
1918021,JY>[,1Qisaa,Isaiah,65,9,HWYJTJ,W HWYJTJ M J<QWB ZR< W M JHWDH JRC HRJ W JRCWHJ BXJRJ W <BDJ JCKWNW CMH,0 000000 0 00000 000 0 0 00000 000 0000 0 0000000 000000 0 00000 000000 0000 00,hifil,perf,W HWYJTJ M J<QWB ZR<,,M J<QWB,MN J<QB/,,0,prep,pers,anim,det,nmpr,,,MN,,,
234239,NWX[,MT,Isaiah,65,15,HNXTM,W HNXTM CMKM L CBW<H L BXJRJ W HMJTK >DNJ JHWH W L <BDJW JQR> CM >XR,,hif,perf,W HNXTM CMKM L CBW<H L BXJRJ,,L CBW<H,L CBW<H/,,0,prep,,,und,subs,,,L,,,
1918152,NWX[,1Qisaa,Isaiah,65,15,HNXTMH,W HNXTMH CMKMH L CBW<H L BXJRJ W HMJTKH >DWNJ JHWH TMJD,0 000000 000000 0 00000 0 000000 0 0000000 00000 0000 0000 00,hifil,perf,W HNXTMH CMKMH L CBW<H L BXJRJ,,L CBW<H,no complement,,0,,,,,,,,L,,,
234301,<LH[,MT,Isaiah,65,17,T<LJNH,KJ HNNJ BWR> CMJM XDCJM W >RY XDCH W L> TZKRNH H R>CNWT W L> T<LJNH <L LB,,qal,impf,W L> T<LJNH <L LB,,<L LB,<L LB/,,0,prep,,,und,subs,,,<L,,,
1918207,<LH[,1Qisaa,Isaiah,65,17,T<LJN>,KJ> HNNJ BWR> CMJM XDCJM W >RY XDCH W LW> TZKRNH H RJCWNWT W LW> T<LJN> <L LB,000 00000 0000 0000 00000 0 000 0000 0 000 000000 0 0000000 0 000 000000 00 00 00,qal,impf,W LW> T<LJN> <L LB,,<L LB,<L LB/,,0,prep,,,und,subs,,,<L,,,
1926994,<LH[,1Q8,Isaiah,65,17,T<LJNH,BWR> CMJM XDCJM W >RY XDCH W L> TZKRNH H R>CNWT W L> T<LJNH <L LB,0000 0000 00000 0 000 0000 0 00 000000 0 000000 0 00 000000 00 00 00,qal,impf,W LW> T<LJN> <L LB,,<L LB,no complement,,0,,,,,,,,<L,,,
234519,<LH[,MT,Isaiah,66,3,M<LH,CWXV H CWR MKH >JC ZWBX H FH <RP KLB M<LH MNXH DM XZJR MZKJR LBNH MBRK >WN GM HMH BXRW B DRKJHM W B CQWYJHM NPCM XPYH,,hif,ptca,M<LH MNXH,,no complement,no complement,,,,,,,,,,,,,
1918436,<LH[,1Qisaa,Isaiah,66,3,M<LH,CWXV H CWR K MKH >JC ZWBX H F> <WRP KLB M<LH MNXH DM XWZJR MZKJR LBWNH MBRK >WN GM HMH BXRW B DRKJHMH W B CQWYJHMH NPCMH XPYH,0000 0 000 0 000 000 0000 0 00 0000 000 0000 0000 00 00000 00000 00000 0000 000 00 000 0000 0 00000000 0 0 000000000 000000 0000 00,hifil,ptca,,,no complement,no complement,,,,,,,,,,,,,
1927219,<LH[,1Q8,Isaiah,66,3,M<LH,CWXV H CWR MKH >JC ZWBX H FH <WRP KLB M<LH MNXH DM XZJR MZKJR LBNH MBRK >WN GM HMH BXRW B DRKJHM W B CQWYJHM NPCM XPYH,0000 0 000 000 000 0000 0 00 0000 000 0000 0000 00 0000 00000 0000 0000 000 00 000 0000 0 0000000 0 0 00000000 00000 0000 00,hifil,ptca,,,no complement,no complement,,,,,,,,,,,,,
234544,BW>[,MT,Isaiah,66,4,>BJ>,GM >NJ >BXR B T<LLJHM W MGWRTM >BJ> LHM J<N QR>TJ W >JN <WNH DBRTJ W L> CM<W W J<FW H R< B <JNJ W B >CR L> XPYTJ BXRW,,hif,impf,W MGWRTM >BJ> LHM,,no complement,no complement,,,,,,,,,,,,,
1918463,BW>[,1Qisaa,Isaiah,66,4,>BJ>,GM >NJ >BXR B T<LWLJHMH W B MGWRWTJHMH >BJ> LHMH J<N QR>TJ W >JN <WNH DBRTJ W LW> CM<W W J<FW >T H R< B <JNJ W B >CR LW> XPYTJ BXRW,00 000 0000 0 0000000000 0 0 00000000000 0000 00000 000 00000 0 000 0000 00000 0 000 0000 0 0000 00 0 00 0 00000 0 0 000 000 00000 0000 00,hifil,impf,,,no complement,no complement,,,,,,,,,,,,,
1927246,BW>[,1Q8,Isaiah,66,4,>BJ>,GM >NJ >BXR B T<LLJHM W B MGRTM >BJ> LHM J<N QR>TJ W >JN <WNH DBRTJ W L> CM<W W J<FW H R< B <JNJ W B >CR L> XPYTJ BXRW,00 000 0000 0 00000000 0 0 000000 0000 0000 000 00000 0 000 0000 00000 0 00 0000 0 0000 0 00 0 00000 0 0 000 000 00000 0000 00,hifil,impf,,,no complement,no complement,,,,,,,,,,,,,
234608,BW>[,MT,Isaiah,66,7,JBW>,B VRM TXJL JLDH B VRM JBW> XBL LH W HMLJVH ZKR,,qal,impf,B VRM JBW> XBL LH,XBL,LH,L,,0,prep,,,det,,,,L,,,
1918530,BW>[,1Qisaa,Isaiah,66,7,JBW>,B VRM TXJL JLDH B VRM JBW> XBL LH HMLJVH ZKR,0 000 0000 0000 0 000 0000 000 000 000000 000 00,qal,impf,B VRM JBW> XBL LH,XBL,LH,no complement,,0,,,,,,,,L,,,
1927313,BW>[,1Q8,Isaiah,66,7,JBW>,B VRM TXJL JLDH B VRM JBW> XBL LH W HMLJVH ZKR,0 000 0000 0000 0 000 0000 000 000 0 000000 000 00,qal,impf,B VRM JBW> XBL LH,XBL,LH,L,,0,prep,,,det,,,,L,,,
234698,CVP[,MT,Isaiah,66,12,CWVP,KJ KH >MR JHWH HNNJ NVH >LJH K NHR CLWM W K NXL CWVP KBWD GWJM W JNQTM <L YD TNF>W W <L BRKJM TC<C<W,,qal,ptca,W K NXL CWVP KBWD GWJM,,no complement,no complement,,,,,,,,,,,,,
1918625,CVP[,1Qisaa,Isaiah,66,12,CWVP,KJ> KWH >MR JHWH HNNJ NWVH >LJH> K NHR CLWM W K NXL CWVP KBWD GW>JM W JWNQWTJHMH <L YD TNFJNH W <L BWRKJM TCT<C<W,000 000 000 0000 00000 0000 000000 0 000 0000 0 0 000 0000 0000 00000 0 00000000000 00 00 000000 0 00 000000 0000000 00,qal,ptca,W K NXL CWVP KBWD GW>JM,,no complement,no complement,,,,,,,,,,,,,
1927408,CVP[,1Q8,Isaiah,66,12,CWVP,KJ KH >MR JHWH HNNJ NWVH >LJH K NHR CLWM W K NXL CWVP KBWD GWJM W JNQTM <L YD TNF>W W <L BRKJM TCT<C<W,00 00 000 0000 00000 0000 00000 0 000 0000 0 0 000 0000 0000 0000 0 00000 00 00 00000 0 00 00000 0000000 00,qal,ptca,W K NXL CWVP KBWD GWJM,,no complement,no complement,,,,,,,,,,,,,
234749,BW>[,MT,Isaiah,66,15,JBW>,KJ HNH JHWH B >C JBW> W K SWPH MRKBTJW L HCJB B XMH >PW W G<RTW B LHBJ >C,,qal,impf,KJ HNH JHWH B >C JBW>,JHWH,no complement,no complement,,,,,,,,,,,,,
234756,CWB[,MT,Isaiah,66,15,HCJB,KJ HNH JHWH B >C JBW> W K SWPH MRKBTJW L HCJB B XMH >PW W G<RTW B LHBJ >C,,hif,infc,L HCJB B XMH >PW,,no complement,no complement,,,,,,,,,,,,,
1918677,BW>[,1Qisaa,Isaiah,66,15,JBW>,KJ> HNH JHWH B >C JBW> W B SWPH MRKBWTJW L HCJB B XMH >PW >PW W G<RTJW B LHBJ >C,000 000 0000 0 00 0000 0 0 0000 000000000 0 0000 0 000 0000 0000 0 0000000 0 0000 00 00,qal,impf,,,no complement,no complement,,,,,,,,,,,,,
1918683,CWB[,1Qisaa,Isaiah,66,15,HCJB,KJ> HNH JHWH B >C JBW> W B SWPH MRKBWTJW L HCJB B XMH >PW >PW W G<RTJW B LHBJ >C,000 000 0000 0 00 0000 0 0 0000 000000000 0 0000 0 000 0000 0000 0 0000000 0 0000 00 00,hifil,infc,,,no complement,no complement,,,,,,,,,,,,,
1927460,BW>[,1Q8,Isaiah,66,15,JBW>,KJ HNH JHWH B >C JBW> W K SWPH MRKBTJW L HCJB B XMH >PW W G<RTW B LHBJ >C,00 000 0000 0 00 0000 0 0 0000 00000000 0 0000 0 000 0000 0 000000 0 0000 00 00,qal,impf,,,no complement,no complement,,,,,,,,,,,,,
1927466,CWB[,1Q8,Isaiah,66,15,HCJB,KJ HNH JHWH B >C JBW> W K SWPH MRKBTJW L HCJB B XMH >PW W G<RTW B LHBJ >C,00 000 0000 0 00 0000 0 0 0000 00000000 0 0000 0 000 0000 0 000000 0 0000 00 00,hifil,infc,,,no complement,no complement,,,,,,,,,,,,,
1918698,BW>[,1Qisaa,Isaiah,66,16,JBW>,KJ> B >C JHWH JBW> L CPWV W B XRBW >T KWL H BFR W RBW XLLJW,000 0 00 0000 0000 0 0000 0 0 00000 00 000 0 000 0 000 000000 00,hifil,impf,,,no complement,no complement,,,,,,,,,,,,,
234813,BW>[,MT,Isaiah,66,18,B>H,W >NKJ M<FJHM W MXCBTJHM B>H L QBY >T KL H GWJM W H LCNWT W B>W W R>W >T KBWDJ,,qal,ptca,B>H,,no complement,no complement,,,,,,,,,,,,,
234824,BW>[,MT,Isaiah,66,18,B>W,W >NKJ M<FJHM W MXCBTJHM B>H L QBY >T KL H GWJM W H LCNWT W B>W W R>W >T KBWDJ,,qal,perf,W B>W,,no complement,no complement,,,,,,,,,,,,,
1918743,BW>[,1Qisaa,Isaiah,66,18,B>W,W >NWKJ M<FJHMH W MXCBWTJHMH B>W L QBY >T KWL H GW>JM W H LCWNWT W B>W W R>W >T KBWDJ,0 00000 00000000 0 00000000000 000 0 000 00 000 0 00000 0 0 000000 0 000 0 000 00 000000 00,qal,perf,,,no complement,no complement,,,,,,,,,,,,,
1918754,BW>[,1Qisaa,Isaiah,66,18,B>W,W >NWKJ M<FJHMH W MXCBWTJHMH B>W L QBY >T KWL H GW>JM W H LCWNWT W B>W W R>W >T KBWDJ,0 00000 00000000 0 00000000000 000 0 000 00 000 0 00000 0 0 000000 0 000 0 000 00 000000 00,qal,perf,,,no complement,no complement,,,,,,,,,,,,,
1927524,BW>[,1Q8,Isaiah,66,18,B>H,W >NKJ M<FJHM W MXCBTJHM B>H L QBY >T KL H GWJM W H LCNWT W B>W W R>W >T KBWDJ,0 0000 0000000 0 000000000 000 0 000 00 00 0 0000 0 0 00000 0 000 0 000 00 000000 00,qal,ptca,,,no complement,no complement,,,,,,,,,,,,,
1927535,BW>[,1Q8,Isaiah,66,18,B>W,W >NKJ M<FJHM W MXCBTJHM B>H L QBY >T KL H GWJM W H LCNWT W B>W W R>W >T KBWDJ,0 0000 0000000 0 000000000 000 0 000 00 00 0 0000 0 0 00000 0 000 0 000 00 000000 00,qal,perf,,,no complement,no complement,,,,,,,,,,,,,
234871,BW>[,MT,Isaiah,66,20,HBJ>W,W HBJ>W >T KL >XJKM M KL H GWJM MNXH L JHWH B SWSJM W B RKB W B YBJM W B PRDJM W B KRKRWT <L HR QDCJ JRWCLM >MR JHWH K >CR JBJ>W BNJ JFR>L >T H MNXH B KLJ VHWR BJT JHWH,,hif,perf,W HBJ>W >T KL >XJKM M KL H GWJM MNXH L JHWH B SWSJM W B RKB W B YBJM W B PRDJM W B KRKRWT <L HR QDCJ JRWCLM,,<L HR QDCJ JRWCLM,<L HR/ QDC/ JRWCLM/,,0,prep,topo,inanim,det,subs subs nmpr,,,<L,,,
234909,BW>[,MT,Isaiah,66,20,JBJ>W,W HBJ>W >T KL >XJKM M KL H GWJM MNXH L JHWH B SWSJM W B RKB W B YBJM W B PRDJM W B KRKRWT <L HR QDCJ JRWCLM >MR JHWH K >CR JBJ>W BNJ JFR>L >T H MNXH B KLJ VHWR BJT JHWH,,hif,impf,K >CR JBJ>W BNJ JFR>L >T H MNXH B KLJ VHWR BJT JHWH,BNJ JFR>L,BJT JHWH,BJT/ JHWH/,,0,vc,pers,anim,det,subs nmpr,,,,,,
1918802,BW>[,1Qisaa,Isaiah,66,20,HBJ>W,W HBJ>W >T KWL KWL >XJKMH M KL H GW>JM MNXH L JHWH B SWSJM W B RKBM W B YWBJM W B W B PRDJM W B KWRKWBWT >L HR QDCJ JRWCLJM >MR JHWH K >CR JBJ>W BNJ JFR>L >T H MNXH B KLJ VHWR BJT JHWH,0 00000 00 000 000 0000000 0 00 0 00000 0000 0 0000 0 00000 0 0 00000 0 0 00000 0 0 0111 0 0 00000 0 0 00000000 00 00 00000 0000000 000 0000 0 000 00000 000 00000 00 0 0000 0 000 0000 000 0000 00,hifil,perf,W HBJ>W >T KWL KWL >XJKMH M KL H GW>JM MNXH L JHWH B SWSJM W B RKBM W B YWBJM W B W B PRDJM W B KWRKWBWT >L HR QDCJ JRWCLJM,,>L HR QDCJ JRWCLJM,no complement,,0,,,,,,,,>L,,,
1918839,BW>[,1Qisaa,Isaiah,66,20,JBJ>W,W HBJ>W >T KWL KWL >XJKMH M KL H GW>JM MNXH L JHWH B SWSJM W B RKBM W B YWBJM W B W B PRDJM W B KWRKWBWT >L HR QDCJ JRWCLJM >MR JHWH K >CR JBJ>W BNJ JFR>L >T H MNXH B KLJ VHWR BJT JHWH,0 00000 00 000 000 0000000 0 00 0 00000 0000 0 0000 0 00000 0 0 00000 0 0 00000 0 0 0111 0 0 00000 0 0 00000000 00 00 00000 0000000 000 0000 0 000 00000 000 00000 00 0 0000 0 000 0000 000 0000 00,hifil,impf,K >CR JBJ>W BNJ JFR>L >T H MNXH B KLJ VHWR BJT JHWH,,BJT JHWH,no complement,,0,,,,,,,,,,,
1927583,BW>[,1Q8,Isaiah,66,20,HBJ>W,W HBJ>W >T KL >XJKM M KL H GWJM MNXH L JHWH B SWSJM W B RKB W B YBJM W B PRDJM W B KRKRWT <L HR QDCJ JRWCLM >MR JHWH K >CR JBJ>W BNJ JFR>L >T H MNXH B KLJ VHWR BJT JHWH,0 00000 00 00 000000 0 00 0 0000 0000 0 0000 0 00000 0 0 000 0 0 0000 0 0 00000 0 0 000000 00 00 00000 000000 000 0000 0 000 00000 000 00000 00 0 0000 0 000 0000 000 0000 00,hifil,perf,W HBJ>W >T KL >XJKM M KL H GWJM MNXH L JHWH B SWSJM W B RKB W B YBJM W B PRDJM W B KRKRWT <L HR QDCJ JRWCLM,,<L HR QDCJ JRWCLM,no complement,,0,,,,,,,,<L,,,
1927616,BW>[,1Q8,Isaiah,66,20,JBJ>W,W HBJ>W >T KL >XJKM M KL H GWJM MNXH L JHWH B SWSJM W B RKB W B YBJM W B PRDJM W B KRKRWT <L HR QDCJ JRWCLM >MR JHWH K >CR JBJ>W BNJ JFR>L >T H MNXH B KLJ VHWR BJT JHWH,0 00000 00 00 000000 0 00 0 0000 0000 0 0000 0 00000 0 0 000 0 0 0000 0 0 00000 0 0 000000 00 00 00000 000000 000 0000 0 000 00000 000 00000 00 0 0000 0 000 0000 000 0000 00,hifil,impf,K >CR JBJ>W BNJ JFR>L >T H MNXH B KLJ VHWR BJT JHWH,,BJT JHWH,no complement,,0,,,,,,,,,,,
234970,BW>[,MT,Isaiah,66,23,JBW>,W HJH M DJ XDC B XDCW W M DJ CBT B CBTW JBW> KL BFR L HCTXWT L PNJ >MR JHWH,,qal,impf,M DJ XDC B XDCW W M DJ CBT B CBTW JBW> KL BFR,KL BFR,no complement,no complement,,,,,,,,,,,,,
1918901,BW>[,1Qisaa,Isaiah,66,23,JBW>,W HJH M DJ XWDC B XWDCW W M DJ CBT B CBTH JBW> KWL H BFR L HCTXWT L PNJ >MR JHWH,0 000 0 00 0000 0 000000 0 0 00 000 0 00000 0000 000 0 000 0 000000 0 0000 000 0000 00,qal,impf,,,no complement,no complement,,,,,,,,,,,,,
1927678,BW>[,1Q8,Isaiah,66,23,JBW>,W HJH M DJ XDC B XDCW W M DJ CBT B CBTW JBW> KL BFR L HCTXWT L PNJ >MR JHWH,0 000 0 00 000 0 00000 0 0 00 000 0 00000 0000 00 000 0 000000 0 0000 000 0000 00,qal,impf,,,no complement,no complement,,,,,,,,,,,,,
234980,JY>[,MT,Isaiah,66,24,JY>W,W JY>W W R>W B PGRJ H >NCJM H PC<JM BJ KJ TWL<TM L> TMWT W >CM L> TKBH W HJW DR>WN L KL BFR,,qal,perf,W JY>W,,no complement,no complement,,,,,,,,,,,,,
1918913,JY>[,1Qisaa,Isaiah,66,24,JY>W,W JY>W W R>W B PGRJ H >NCJM H PWC<JM BJ> KJ> TWL<TM LW> TMWT W >CHMH LW> TKBH W HJW DR>WN L KWL H BFR,0 0000 0 000 0 0000 0 00000 0 000000 0000 000 0000000 000 0000 0 000000 000 0000 0 000 00000 0 000 0 000 00,qal,perf,,,no complement,no complement,,,,,,,,,,,,,
1927689,JY>[,1Q8,Isaiah,66,24,JY>W,W JY>W W R>W B PGRJ H >NCJM H PC<JM BJ KJ TWL<TM L> TMWT W >CM L> TKBH W HJW DR>WN L KL BFR,0 0000 0 000 0 0000 0 00000 0 00000 000 00 0000000 00 0000 0 0000 00 0000 0 000 00000 0 00 000 00,qal,perf,,,no complement,no complement,,,,,,,,,,,,,
